experiment_id,split,dataset,feature_set,model_name,metric,estimate,ci_low,ci_high,n_bootstrap
breast_cancer_wisconsin__all_features__logistic_regression,validation,breast_cancer_wisconsin,all_features,logistic_regression,macro_f1,0.9749410377358491,0.9286040974884396,1.0,400
breast_cancer_wisconsin__all_features__logistic_regression,validation,breast_cancer_wisconsin,all_features,logistic_regression,balanced_accuracy,0.9749410377358491,0.9285587938005391,1.0,400
breast_cancer_wisconsin__all_features__logistic_regression,validation,breast_cancer_wisconsin,all_features,logistic_regression,accuracy,0.9764705882352941,0.9408823529411765,1.0,400
breast_cancer_wisconsin__all_features__linear_svm,validation,breast_cancer_wisconsin,all_features,linear_svm,macro_f1,0.9749410377358491,0.9327727326906982,1.0,400
breast_cancer_wisconsin__all_features__linear_svm,validation,breast_cancer_wisconsin,all_features,linear_svm,balanced_accuracy,0.9749410377358491,0.9338206214689265,1.0,400
breast_cancer_wisconsin__all_features__linear_svm,validation,breast_cancer_wisconsin,all_features,linear_svm,accuracy,0.9764705882352941,0.9411764705882353,1.0,400
breast_cancer_wisconsin__all_features__random_forest,validation,breast_cancer_wisconsin,all_features,random_forest,macro_f1,0.9248231132075472,0.8583057527866851,0.9760731695090948,400
breast_cancer_wisconsin__all_features__random_forest,validation,breast_cancer_wisconsin,all_features,random_forest,balanced_accuracy,0.9248231132075472,0.8576075155561318,0.9764583333333332,400
breast_cancer_wisconsin__all_features__random_forest,validation,breast_cancer_wisconsin,all_features,random_forest,accuracy,0.9294117647058824,0.8705882352941177,0.9764705882352941,400
breast_cancer_wisconsin__all_features__xgboost,validation,breast_cancer_wisconsin,all_features,xgboost,macro_f1,0.9369529743361519,0.8789909188432569,0.987224364345736,400
breast_cancer_wisconsin__all_features__xgboost,validation,breast_cancer_wisconsin,all_features,xgboost,balanced_accuracy,0.9342570754716981,0.8729197143852316,0.989377659574468,400
breast_cancer_wisconsin__all_features__xgboost,validation,breast_cancer_wisconsin,all_features,xgboost,accuracy,0.9411764705882353,0.8823529411764706,0.9882352941176471,400
breast_cancer_wisconsin__variance_k10__logistic_regression,validation,breast_cancer_wisconsin,variance_k10,logistic_regression,macro_f1,0.9377289377289377,0.8831473064385739,0.9870209192243091,400
breast_cancer_wisconsin__variance_k10__logistic_regression,validation,breast_cancer_wisconsin,variance_k10,logistic_regression,balanced_accuracy,0.9404481132075472,0.8863534186096377,0.9869106359649122,400
breast_cancer_wisconsin__variance_k10__logistic_regression,validation,breast_cancer_wisconsin,variance_k10,logistic_regression,accuracy,0.9411764705882353,0.8941176470588236,0.9882352941176471,400
breast_cancer_wisconsin__variance_k10__linear_svm,validation,breast_cancer_wisconsin,variance_k10,linear_svm,macro_f1,0.9621717846016911,0.9146008648356377,1.0,400
breast_cancer_wisconsin__variance_k10__linear_svm,validation,breast_cancer_wisconsin,variance_k10,linear_svm,balanced_accuracy,0.9593160377358491,0.9075079769368563,1.0,400
breast_cancer_wisconsin__variance_k10__linear_svm,validation,breast_cancer_wisconsin,variance_k10,linear_svm,accuracy,0.9647058823529412,0.9176470588235294,1.0,400
breast_cancer_wisconsin__variance_k10__random_forest,validation,breast_cancer_wisconsin,variance_k10,random_forest,macro_f1,0.9256993006993006,0.8668291309148894,0.9757231740669241,400
breast_cancer_wisconsin__variance_k10__random_forest,validation,breast_cancer_wisconsin,variance_k10,random_forest,balanced_accuracy,0.9310141509433962,0.8728818355973528,0.9804015837104073,400
breast_cancer_wisconsin__variance_k10__random_forest,validation,breast_cancer_wisconsin,variance_k10,random_forest,accuracy,0.9294117647058824,0.8705882352941177,0.9764705882352941,400
breast_cancer_wisconsin__variance_k10__xgboost,validation,breast_cancer_wisconsin,variance_k10,xgboost,macro_f1,0.9504662004662006,0.899731218018079,0.9879978989983078,400
breast_cancer_wisconsin__variance_k10__xgboost,validation,breast_cancer_wisconsin,variance_k10,xgboost,balanced_accuracy,0.9560731132075472,0.9042332522089295,0.9913829631794273,400
breast_cancer_wisconsin__variance_k10__xgboost,validation,breast_cancer_wisconsin,variance_k10,xgboost,accuracy,0.9529411764705882,0.9058823529411765,0.9882352941176471,400
breast_cancer_wisconsin__f_classif_k10__logistic_regression,validation,breast_cancer_wisconsin,f_classif_k10,logistic_regression,macro_f1,0.9504662004662006,0.9009324009324009,0.9880728305671678,400
breast_cancer_wisconsin__f_classif_k10__logistic_regression,validation,breast_cancer_wisconsin,f_classif_k10,logistic_regression,balanced_accuracy,0.9560731132075472,0.9108845024023596,0.9915254237288136,400
breast_cancer_wisconsin__f_classif_k10__logistic_regression,validation,breast_cancer_wisconsin,f_classif_k10,logistic_regression,accuracy,0.9529411764705882,0.9058823529411765,0.9882352941176471,400
breast_cancer_wisconsin__f_classif_k10__linear_svm,validation,breast_cancer_wisconsin,f_classif_k10,linear_svm,macro_f1,0.9384147225039849,0.879483043217287,0.9764418939209779,400
breast_cancer_wisconsin__f_classif_k10__linear_svm,validation,breast_cancer_wisconsin,f_classif_k10,linear_svm,balanced_accuracy,0.9466391509433962,0.8891606910039113,0.9833333333333334,400
breast_cancer_wisconsin__f_classif_k10__linear_svm,validation,breast_cancer_wisconsin,f_classif_k10,linear_svm,accuracy,0.9411764705882353,0.8823529411764706,0.9764705882352941,400
breast_cancer_wisconsin__f_classif_k10__random_forest,validation,breast_cancer_wisconsin,f_classif_k10,random_forest,macro_f1,0.9384147225039849,0.8812296227293899,0.9865612648221345,400
breast_cancer_wisconsin__f_classif_k10__random_forest,validation,breast_cancer_wisconsin,f_classif_k10,random_forest,balanced_accuracy,0.9466391509433962,0.8960309139784947,0.9865639076576576,400
breast_cancer_wisconsin__f_classif_k10__random_forest,validation,breast_cancer_wisconsin,f_classif_k10,random_forest,accuracy,0.9411764705882353,0.8938235294117648,0.9882352941176471,400
breast_cancer_wisconsin__f_classif_k10__xgboost,validation,breast_cancer_wisconsin,f_classif_k10,xgboost,macro_f1,0.9256993006993006,0.8554421768707483,0.975500616913432,400
breast_cancer_wisconsin__f_classif_k10__xgboost,validation,breast_cancer_wisconsin,f_classif_k10,xgboost,balanced_accuracy,0.9310141509433962,0.8655737294917968,0.9818341307814992,400
breast_cancer_wisconsin__f_classif_k10__xgboost,validation,breast_cancer_wisconsin,f_classif_k10,xgboost,accuracy,0.9294117647058824,0.8702941176470589,0.9764705882352941,400
breast_cancer_wisconsin__mutual_info_k10__logistic_regression,validation,breast_cancer_wisconsin,mutual_info_k10,logistic_regression,macro_f1,0.9504662004662006,0.9035864345738295,0.9881326151144021,400
breast_cancer_wisconsin__mutual_info_k10__logistic_regression,validation,breast_cancer_wisconsin,mutual_info_k10,logistic_regression,balanced_accuracy,0.9560731132075472,0.9120265151515151,0.9912424503882658,400
breast_cancer_wisconsin__mutual_info_k10__logistic_regression,validation,breast_cancer_wisconsin,mutual_info_k10,logistic_regression,accuracy,0.9529411764705882,0.9058823529411765,0.9882352941176471,400
breast_cancer_wisconsin__mutual_info_k10__linear_svm,validation,breast_cancer_wisconsin,mutual_info_k10,linear_svm,macro_f1,0.9384147225039849,0.8789792363433668,0.987025799311832,400
breast_cancer_wisconsin__mutual_info_k10__linear_svm,validation,breast_cancer_wisconsin,mutual_info_k10,linear_svm,balanced_accuracy,0.9466391509433962,0.8982205115672858,0.9844184027777777,400
breast_cancer_wisconsin__mutual_info_k10__linear_svm,validation,breast_cancer_wisconsin,mutual_info_k10,linear_svm,accuracy,0.9411764705882353,0.8823529411764706,0.9882352941176471,400
breast_cancer_wisconsin__mutual_info_k10__random_forest,validation,breast_cancer_wisconsin,mutual_info_k10,random_forest,macro_f1,0.9384147225039849,0.8810022885077127,0.9878031281389008,400
breast_cancer_wisconsin__mutual_info_k10__random_forest,validation,breast_cancer_wisconsin,mutual_info_k10,random_forest,balanced_accuracy,0.9466391509433962,0.8928550616050616,0.9909131493506494,400
breast_cancer_wisconsin__mutual_info_k10__random_forest,validation,breast_cancer_wisconsin,mutual_info_k10,random_forest,accuracy,0.9411764705882353,0.8823529411764706,0.9882352941176471,400
breast_cancer_wisconsin__mutual_info_k10__xgboost,validation,breast_cancer_wisconsin,mutual_info_k10,xgboost,macro_f1,0.9256993006993006,0.863003663003663,0.975911099236992,400
breast_cancer_wisconsin__mutual_info_k10__xgboost,validation,breast_cancer_wisconsin,mutual_info_k10,xgboost,balanced_accuracy,0.9310141509433962,0.8706464799954093,0.9763586956521738,400
breast_cancer_wisconsin__mutual_info_k10__xgboost,validation,breast_cancer_wisconsin,mutual_info_k10,xgboost,accuracy,0.9294117647058824,0.8705882352941177,0.9764705882352941,400
breast_cancer_wisconsin__mutual_correlation_k10__logistic_regression,validation,breast_cancer_wisconsin,mutual_correlation_k10,logistic_regression,macro_f1,0.9509803921568627,0.8968983957219251,0.9880716747881434,400
breast_cancer_wisconsin__mutual_correlation_k10__logistic_regression,validation,breast_cancer_wisconsin,mutual_correlation_k10,logistic_regression,balanced_accuracy,0.9622641509433962,0.921406770255272,0.9912280701754386,400
breast_cancer_wisconsin__mutual_correlation_k10__logistic_regression,validation,breast_cancer_wisconsin,mutual_correlation_k10,logistic_regression,accuracy,0.9529411764705882,0.9055882352941177,0.9882352941176471,400
breast_cancer_wisconsin__mutual_correlation_k10__linear_svm,validation,breast_cancer_wisconsin,mutual_correlation_k10,linear_svm,macro_f1,0.9146218969723059,0.8529411764705882,0.964396375777311,400
breast_cancer_wisconsin__mutual_correlation_k10__linear_svm,validation,breast_cancer_wisconsin,mutual_correlation_k10,linear_svm,balanced_accuracy,0.9277712264150944,0.8750843348091925,0.9741379310344828,400
breast_cancer_wisconsin__mutual_correlation_k10__linear_svm,validation,breast_cancer_wisconsin,mutual_correlation_k10,linear_svm,accuracy,0.9176470588235294,0.8588235294117647,0.9647058823529412,400
breast_cancer_wisconsin__mutual_correlation_k10__random_forest,validation,breast_cancer_wisconsin,mutual_correlation_k10,random_forest,macro_f1,0.9256993006993006,0.8667634976525821,0.975500616913432,400
breast_cancer_wisconsin__mutual_correlation_k10__random_forest,validation,breast_cancer_wisconsin,mutual_correlation_k10,random_forest,balanced_accuracy,0.9310141509433962,0.872899256119021,0.9764742524916944,400
breast_cancer_wisconsin__mutual_correlation_k10__random_forest,validation,breast_cancer_wisconsin,mutual_correlation_k10,random_forest,accuracy,0.9294117647058824,0.8705882352941177,0.9764705882352941,400
breast_cancer_wisconsin__mutual_correlation_k10__xgboost,validation,breast_cancer_wisconsin,mutual_correlation_k10,xgboost,macro_f1,0.9377289377289377,0.8821273378000578,0.9872204845287721,400
breast_cancer_wisconsin__mutual_correlation_k10__xgboost,validation,breast_cancer_wisconsin,mutual_correlation_k10,xgboost,balanced_accuracy,0.9404481132075472,0.8843718671679198,0.9843868371212121,400
breast_cancer_wisconsin__mutual_correlation_k10__xgboost,validation,breast_cancer_wisconsin,mutual_correlation_k10,xgboost,accuracy,0.9411764705882353,0.8938235294117648,0.9882352941176471,400
breast_cancer_wisconsin__feature_similarity_k10__logistic_regression,validation,breast_cancer_wisconsin,feature_similarity_k10,logistic_regression,macro_f1,0.9377289377289377,0.8709346441855869,0.987025799311832,400
breast_cancer_wisconsin__feature_similarity_k10__logistic_regression,validation,breast_cancer_wisconsin,feature_similarity_k10,logistic_regression,balanced_accuracy,0.9404481132075472,0.8766973236663087,0.9848484848484849,400
breast_cancer_wisconsin__feature_similarity_k10__logistic_regression,validation,breast_cancer_wisconsin,feature_similarity_k10,logistic_regression,accuracy,0.9411764705882353,0.8823529411764706,0.9882352941176471,400
breast_cancer_wisconsin__feature_similarity_k10__linear_svm,validation,breast_cancer_wisconsin,feature_similarity_k10,linear_svm,macro_f1,0.9137806115055789,0.841440665805711,0.9742598895797598,400
breast_cancer_wisconsin__feature_similarity_k10__linear_svm,validation,breast_cancer_wisconsin,feature_similarity_k10,linear_svm,balanced_accuracy,0.9215801886792453,0.8546928091505358,0.9752499484642342,400
breast_cancer_wisconsin__feature_similarity_k10__linear_svm,validation,breast_cancer_wisconsin,feature_similarity_k10,linear_svm,accuracy,0.9176470588235294,0.8470588235294118,0.9764705882352941,400
breast_cancer_wisconsin__feature_similarity_k10__random_forest,validation,breast_cancer_wisconsin,feature_similarity_k10,random_forest,macro_f1,0.9264705882352942,0.8644746713461393,0.9754901960784313,400
breast_cancer_wisconsin__feature_similarity_k10__random_forest,validation,breast_cancer_wisconsin,feature_similarity_k10,random_forest,balanced_accuracy,0.9372051886792453,0.8872159090909092,0.9807783018867925,400
breast_cancer_wisconsin__feature_similarity_k10__random_forest,validation,breast_cancer_wisconsin,feature_similarity_k10,random_forest,accuracy,0.9294117647058824,0.8705882352941177,0.9764705882352941,400
breast_cancer_wisconsin__feature_similarity_k10__xgboost,validation,breast_cancer_wisconsin,feature_similarity_k10,xgboost,macro_f1,0.9504662004662006,0.9019350747291923,0.9879978989983078,400
breast_cancer_wisconsin__feature_similarity_k10__xgboost,validation,breast_cancer_wisconsin,feature_similarity_k10,xgboost,balanced_accuracy,0.9560731132075472,0.9121095352016405,0.9912280701754386,400
breast_cancer_wisconsin__feature_similarity_k10__xgboost,validation,breast_cancer_wisconsin,feature_similarity_k10,xgboost,accuracy,0.9529411764705882,0.9058823529411765,0.9882352941176471,400
breast_cancer_wisconsin__mrmr_approx_k10__logistic_regression,validation,breast_cancer_wisconsin,mrmr_approx_k10,logistic_regression,macro_f1,0.9626373626373627,0.9175835033249936,1.0,400
breast_cancer_wisconsin__mrmr_approx_k10__logistic_regression,validation,breast_cancer_wisconsin,mrmr_approx_k10,logistic_regression,balanced_accuracy,0.9655070754716981,0.9215334910187852,1.0,400
breast_cancer_wisconsin__mrmr_approx_k10__logistic_regression,validation,breast_cancer_wisconsin,mrmr_approx_k10,logistic_regression,accuracy,0.9647058823529412,0.9291176470588236,1.0,400
breast_cancer_wisconsin__mrmr_approx_k10__linear_svm,validation,breast_cancer_wisconsin,mrmr_approx_k10,linear_svm,macro_f1,0.9626373626373627,0.9137806115055789,1.0,400
breast_cancer_wisconsin__mrmr_approx_k10__linear_svm,validation,breast_cancer_wisconsin,mrmr_approx_k10,linear_svm,balanced_accuracy,0.9655070754716981,0.9160681563677084,1.0,400
breast_cancer_wisconsin__mrmr_approx_k10__linear_svm,validation,breast_cancer_wisconsin,mrmr_approx_k10,linear_svm,accuracy,0.9647058823529412,0.9176470588235294,1.0,400
breast_cancer_wisconsin__mrmr_approx_k10__random_forest,validation,breast_cancer_wisconsin,mrmr_approx_k10,random_forest,macro_f1,0.9256993006993006,0.8593773499774402,0.9760777965465466,400
breast_cancer_wisconsin__mrmr_approx_k10__random_forest,validation,breast_cancer_wisconsin,mrmr_approx_k10,random_forest,balanced_accuracy,0.9310141509433962,0.8692807591514489,0.9830647402056127,400
breast_cancer_wisconsin__mrmr_approx_k10__random_forest,validation,breast_cancer_wisconsin,mrmr_approx_k10,random_forest,accuracy,0.9294117647058824,0.8705882352941177,0.9764705882352941,400
breast_cancer_wisconsin__mrmr_approx_k10__xgboost,validation,breast_cancer_wisconsin,mrmr_approx_k10,xgboost,macro_f1,0.9626373626373627,0.9146218969723059,1.0,400
breast_cancer_wisconsin__mrmr_approx_k10__xgboost,validation,breast_cancer_wisconsin,mrmr_approx_k10,xgboost,balanced_accuracy,0.9655070754716981,0.9215779376568455,1.0,400
breast_cancer_wisconsin__mrmr_approx_k10__xgboost,validation,breast_cancer_wisconsin,mrmr_approx_k10,xgboost,accuracy,0.9647058823529412,0.9176470588235294,1.0,400
breast_cancer_wisconsin__rrfs_k10__logistic_regression,validation,breast_cancer_wisconsin,rrfs_k10,logistic_regression,macro_f1,0.9504662004662006,0.8874776881559606,0.9879978989983078,400
breast_cancer_wisconsin__rrfs_k10__logistic_regression,validation,breast_cancer_wisconsin,rrfs_k10,logistic_regression,balanced_accuracy,0.9560731132075472,0.9013732602783555,0.9907449494949494,400
breast_cancer_wisconsin__rrfs_k10__logistic_regression,validation,breast_cancer_wisconsin,rrfs_k10,logistic_regression,accuracy,0.9529411764705882,0.8941176470588236,0.9882352941176471,400
breast_cancer_wisconsin__rrfs_k10__linear_svm,validation,breast_cancer_wisconsin,rrfs_k10,linear_svm,macro_f1,0.9384147225039849,0.8823268503137689,0.9865727561821889,400
breast_cancer_wisconsin__rrfs_k10__linear_svm,validation,breast_cancer_wisconsin,rrfs_k10,linear_svm,balanced_accuracy,0.9466391509433962,0.8944157268170426,0.9889166666666667,400
breast_cancer_wisconsin__rrfs_k10__linear_svm,validation,breast_cancer_wisconsin,rrfs_k10,linear_svm,accuracy,0.9411764705882353,0.8823529411764706,0.9882352941176471,400
breast_cancer_wisconsin__rrfs_k10__random_forest,validation,breast_cancer_wisconsin,rrfs_k10,random_forest,macro_f1,0.9256993006993006,0.8730123818833497,0.9868087321096249,400
breast_cancer_wisconsin__rrfs_k10__random_forest,validation,breast_cancer_wisconsin,rrfs_k10,random_forest,balanced_accuracy,0.9310141509433962,0.8774126785493582,0.9865639076576576,400
breast_cancer_wisconsin__rrfs_k10__random_forest,validation,breast_cancer_wisconsin,rrfs_k10,random_forest,accuracy,0.9294117647058824,0.8823529411764706,0.9882352941176471,400
breast_cancer_wisconsin__rrfs_k10__xgboost,validation,breast_cancer_wisconsin,rrfs_k10,xgboost,macro_f1,0.9256993006993006,0.8587646398298743,0.975911099236992,400
breast_cancer_wisconsin__rrfs_k10__xgboost,validation,breast_cancer_wisconsin,rrfs_k10,xgboost,balanced_accuracy,0.9310141509433962,0.8667817636880485,0.9818181818181818,400
breast_cancer_wisconsin__rrfs_k10__xgboost,validation,breast_cancer_wisconsin,rrfs_k10,xgboost,accuracy,0.9294117647058824,0.8705882352941177,0.9764705882352941,400
breast_cancer_wisconsin__boruta_confirmed_22__logistic_regression,validation,breast_cancer_wisconsin,boruta_confirmed_22,logistic_regression,macro_f1,0.9749410377358491,0.9351045961215453,1.0,400
breast_cancer_wisconsin__boruta_confirmed_22__logistic_regression,validation,breast_cancer_wisconsin,boruta_confirmed_22,logistic_regression,balanced_accuracy,0.9749410377358491,0.9370802343926076,1.0,400
breast_cancer_wisconsin__boruta_confirmed_22__logistic_regression,validation,breast_cancer_wisconsin,boruta_confirmed_22,logistic_regression,accuracy,0.9764705882352941,0.9411764705882353,1.0,400
breast_cancer_wisconsin__boruta_confirmed_22__linear_svm,validation,breast_cancer_wisconsin,boruta_confirmed_22,linear_svm,macro_f1,0.9873905948672304,0.9588552402092912,1.0,400
breast_cancer_wisconsin__boruta_confirmed_22__linear_svm,validation,breast_cancer_wisconsin,boruta_confirmed_22,linear_svm,balanced_accuracy,0.984375,0.9482531760435572,1.0,400
breast_cancer_wisconsin__boruta_confirmed_22__linear_svm,validation,breast_cancer_wisconsin,boruta_confirmed_22,linear_svm,accuracy,0.9882352941176471,0.9647058823529412,1.0,400
breast_cancer_wisconsin__boruta_confirmed_22__random_forest,validation,breast_cancer_wisconsin,boruta_confirmed_22,random_forest,macro_f1,0.9248231132075472,0.8613671934646511,0.9760698198198199,400
breast_cancer_wisconsin__boruta_confirmed_22__random_forest,validation,breast_cancer_wisconsin,boruta_confirmed_22,random_forest,balanced_accuracy,0.9248231132075472,0.8558273869689386,0.9807692307692308,400
breast_cancer_wisconsin__boruta_confirmed_22__random_forest,validation,breast_cancer_wisconsin,boruta_confirmed_22,random_forest,accuracy,0.9294117647058824,0.8705882352941177,0.9764705882352941,400
breast_cancer_wisconsin__boruta_confirmed_22__xgboost,validation,breast_cancer_wisconsin,boruta_confirmed_22,xgboost,macro_f1,0.9369529743361519,0.8878379133274605,0.987682944500797,400
breast_cancer_wisconsin__boruta_confirmed_22__xgboost,validation,breast_cancer_wisconsin,boruta_confirmed_22,xgboost,balanced_accuracy,0.9342570754716981,0.8786759195789572,0.9871875,400
breast_cancer_wisconsin__boruta_confirmed_22__xgboost,validation,breast_cancer_wisconsin,boruta_confirmed_22,xgboost,accuracy,0.9411764705882353,0.8941176470588236,0.9882352941176471,400
breast_cancer_wisconsin__rfe_k10__logistic_regression,validation,breast_cancer_wisconsin,rfe_k10,logistic_regression,macro_f1,0.9248231132075472,0.8612224632843791,0.9754901960784313,400
breast_cancer_wisconsin__rfe_k10__logistic_regression,validation,breast_cancer_wisconsin,rfe_k10,logistic_regression,balanced_accuracy,0.9248231132075472,0.8627930664427025,0.9763932291666666,400
breast_cancer_wisconsin__rfe_k10__logistic_regression,validation,breast_cancer_wisconsin,rfe_k10,logistic_regression,accuracy,0.9294117647058824,0.8705882352941177,0.9764705882352941,400
breast_cancer_wisconsin__rfe_k10__linear_svm,validation,breast_cancer_wisconsin,rfe_k10,linear_svm,macro_f1,0.9256993006993006,0.8657209628782,0.9734019468474052,400
breast_cancer_wisconsin__rfe_k10__linear_svm,validation,breast_cancer_wisconsin,rfe_k10,linear_svm,balanced_accuracy,0.9310141509433962,0.8766873007944437,0.9761904761904762,400
breast_cancer_wisconsin__rfe_k10__linear_svm,validation,breast_cancer_wisconsin,rfe_k10,linear_svm,accuracy,0.9294117647058824,0.8705882352941177,0.9764705882352941,400
breast_cancer_wisconsin__rfe_k10__random_forest,validation,breast_cancer_wisconsin,rfe_k10,random_forest,macro_f1,0.9248231132075472,0.8643039591315453,0.9754957983193278,400
breast_cancer_wisconsin__rfe_k10__random_forest,validation,breast_cancer_wisconsin,rfe_k10,random_forest,balanced_accuracy,0.9248231132075472,0.8656386406746349,0.9759141156462584,400
breast_cancer_wisconsin__rfe_k10__random_forest,validation,breast_cancer_wisconsin,rfe_k10,random_forest,accuracy,0.9294117647058824,0.8705882352941177,0.9764705882352941,400
breast_cancer_wisconsin__rfe_k10__xgboost,validation,breast_cancer_wisconsin,rfe_k10,xgboost,macro_f1,0.9369529743361519,0.8811631678754408,0.9872161227252219,400
breast_cancer_wisconsin__rfe_k10__xgboost,validation,breast_cancer_wisconsin,rfe_k10,xgboost,balanced_accuracy,0.9342570754716981,0.8749927156177156,0.9838835685483871,400
breast_cancer_wisconsin__rfe_k10__xgboost,validation,breast_cancer_wisconsin,rfe_k10,xgboost,accuracy,0.9411764705882353,0.8938235294117648,0.9882352941176471,400
breast_cancer_wisconsin__l1_logistic_k10__logistic_regression,validation,breast_cancer_wisconsin,l1_logistic_k10,logistic_regression,macro_f1,0.9621717846016911,0.9146008648356377,1.0,400
breast_cancer_wisconsin__l1_logistic_k10__logistic_regression,validation,breast_cancer_wisconsin,l1_logistic_k10,logistic_regression,balanced_accuracy,0.9593160377358491,0.9073754164855861,1.0,400
breast_cancer_wisconsin__l1_logistic_k10__logistic_regression,validation,breast_cancer_wisconsin,l1_logistic_k10,logistic_regression,accuracy,0.9647058823529412,0.9176470588235294,1.0,400
breast_cancer_wisconsin__l1_logistic_k10__linear_svm,validation,breast_cancer_wisconsin,l1_logistic_k10,linear_svm,macro_f1,0.9621717846016911,0.9168456316567442,1.0,400
breast_cancer_wisconsin__l1_logistic_k10__linear_svm,validation,breast_cancer_wisconsin,l1_logistic_k10,linear_svm,balanced_accuracy,0.9593160377358491,0.909080750029026,1.0,400
breast_cancer_wisconsin__l1_logistic_k10__linear_svm,validation,breast_cancer_wisconsin,l1_logistic_k10,linear_svm,accuracy,0.9647058823529412,0.9291176470588236,1.0,400
breast_cancer_wisconsin__l1_logistic_k10__random_forest,validation,breast_cancer_wisconsin,l1_logistic_k10,random_forest,macro_f1,0.9504662004662006,0.8935770232217761,0.9879072414283683,400
breast_cancer_wisconsin__l1_logistic_k10__random_forest,validation,breast_cancer_wisconsin,l1_logistic_k10,random_forest,balanced_accuracy,0.9560731132075472,0.904434303202413,0.9909131493506494,400
breast_cancer_wisconsin__l1_logistic_k10__random_forest,validation,breast_cancer_wisconsin,l1_logistic_k10,random_forest,accuracy,0.9529411764705882,0.8941176470588236,0.9882352941176471,400
breast_cancer_wisconsin__l1_logistic_k10__xgboost,validation,breast_cancer_wisconsin,l1_logistic_k10,xgboost,macro_f1,0.9626373626373627,0.9171875647183189,1.0,400
breast_cancer_wisconsin__l1_logistic_k10__xgboost,validation,breast_cancer_wisconsin,l1_logistic_k10,xgboost,balanced_accuracy,0.9655070754716981,0.9215779376568455,1.0,400
breast_cancer_wisconsin__l1_logistic_k10__xgboost,validation,breast_cancer_wisconsin,l1_logistic_k10,xgboost,accuracy,0.9647058823529412,0.9291176470588236,1.0,400
breast_cancer_wisconsin__random_forest_k10__logistic_regression,validation,breast_cancer_wisconsin,random_forest_k10,logistic_regression,macro_f1,0.9384147225039849,0.8815195970426949,0.9878031281389008,400
breast_cancer_wisconsin__random_forest_k10__logistic_regression,validation,breast_cancer_wisconsin,random_forest_k10,logistic_regression,balanced_accuracy,0.9466391509433962,0.8928396358543417,0.9902053274139845,400
breast_cancer_wisconsin__random_forest_k10__logistic_regression,validation,breast_cancer_wisconsin,random_forest_k10,logistic_regression,accuracy,0.9411764705882353,0.8823529411764706,0.9882352941176471,400
breast_cancer_wisconsin__random_forest_k10__linear_svm,validation,breast_cancer_wisconsin,random_forest_k10,linear_svm,macro_f1,0.9384147225039849,0.8785112803862803,0.9868136121971477,400
breast_cancer_wisconsin__random_forest_k10__linear_svm,validation,breast_cancer_wisconsin,random_forest_k10,linear_svm,balanced_accuracy,0.9466391509433962,0.8895795927045927,0.9898010204081632,400
breast_cancer_wisconsin__random_forest_k10__linear_svm,validation,breast_cancer_wisconsin,random_forest_k10,linear_svm,accuracy,0.9411764705882353,0.8823529411764706,0.9882352941176471,400
breast_cancer_wisconsin__random_forest_k10__random_forest,validation,breast_cancer_wisconsin,random_forest_k10,random_forest,macro_f1,0.9256993006993006,0.8702627855531463,0.9759171017905489,400
breast_cancer_wisconsin__random_forest_k10__random_forest,validation,breast_cancer_wisconsin,random_forest_k10,random_forest,balanced_accuracy,0.9310141509433962,0.8774204172264518,0.9814898989898989,400
breast_cancer_wisconsin__random_forest_k10__random_forest,validation,breast_cancer_wisconsin,random_forest_k10,random_forest,accuracy,0.9294117647058824,0.8705882352941177,0.9764705882352941,400
breast_cancer_wisconsin__random_forest_k10__xgboost,validation,breast_cancer_wisconsin,random_forest_k10,xgboost,macro_f1,0.9256993006993006,0.8643039591315453,0.9710172165169692,400
breast_cancer_wisconsin__random_forest_k10__xgboost,validation,breast_cancer_wisconsin,random_forest_k10,xgboost,balanced_accuracy,0.9310141509433962,0.8721524849711948,0.9741488895382817,400
breast_cancer_wisconsin__random_forest_k10__xgboost,validation,breast_cancer_wisconsin,random_forest_k10,xgboost,accuracy,0.9294117647058824,0.8823529411764706,0.9764705882352941,400
breast_cancer_wisconsin__linear_svm_k10__logistic_regression,validation,breast_cancer_wisconsin,linear_svm_k10,logistic_regression,macro_f1,0.9626373626373627,0.916887577802065,1.0,400
breast_cancer_wisconsin__linear_svm_k10__logistic_regression,validation,breast_cancer_wisconsin,linear_svm_k10,logistic_regression,balanced_accuracy,0.9655070754716981,0.9239263290413054,1.0,400
breast_cancer_wisconsin__linear_svm_k10__logistic_regression,validation,breast_cancer_wisconsin,linear_svm_k10,logistic_regression,accuracy,0.9647058823529412,0.9176470588235294,1.0,400
breast_cancer_wisconsin__linear_svm_k10__linear_svm,validation,breast_cancer_wisconsin,linear_svm_k10,linear_svm,macro_f1,0.9377289377289377,0.8849011837392912,0.9873944746841943,400
breast_cancer_wisconsin__linear_svm_k10__linear_svm,validation,breast_cancer_wisconsin,linear_svm_k10,linear_svm,balanced_accuracy,0.9404481132075472,0.8897950089126561,0.9905660377358491,400
breast_cancer_wisconsin__linear_svm_k10__linear_svm,validation,breast_cancer_wisconsin,linear_svm_k10,linear_svm,accuracy,0.9411764705882353,0.8941176470588236,0.9882352941176471,400
breast_cancer_wisconsin__linear_svm_k10__random_forest,validation,breast_cancer_wisconsin,linear_svm_k10,random_forest,macro_f1,0.9128205128205129,0.8397832648794517,0.9634171929134125,400
breast_cancer_wisconsin__linear_svm_k10__random_forest,validation,breast_cancer_wisconsin,linear_svm_k10,random_forest,balanced_accuracy,0.9153891509433962,0.8452321428571429,0.9661294804112253,400
breast_cancer_wisconsin__linear_svm_k10__random_forest,validation,breast_cancer_wisconsin,linear_svm_k10,random_forest,accuracy,0.9176470588235294,0.8470588235294118,0.9647058823529412,400
breast_cancer_wisconsin__linear_svm_k10__xgboost,validation,breast_cancer_wisconsin,linear_svm_k10,xgboost,macro_f1,0.9749410377358491,0.9369529743361519,1.0,400
breast_cancer_wisconsin__linear_svm_k10__xgboost,validation,breast_cancer_wisconsin,linear_svm_k10,xgboost,balanced_accuracy,0.9749410377358491,0.9346100788288288,1.0,400
breast_cancer_wisconsin__linear_svm_k10__xgboost,validation,breast_cancer_wisconsin,linear_svm_k10,xgboost,accuracy,0.9764705882352941,0.9411764705882353,1.0,400
customer_churn__all_features__logistic_regression,validation,customer_churn,all_features,logistic_regression,macro_f1,0.8964837056199945,0.8944777872804137,0.898651650085832,400
customer_churn__all_features__logistic_regression,validation,customer_churn,all_features,logistic_regression,balanced_accuracy,0.9008746433770014,0.8989682827004599,0.9029516481684599,400
customer_churn__all_features__logistic_regression,validation,customer_churn,all_features,logistic_regression,accuracy,0.897421550094518,0.8954090737240076,0.8995844990548204,400
customer_churn__all_features__linear_svm,validation,customer_churn,all_features,linear_svm,macro_f1,0.8965072602227764,0.8939814929775851,0.8988281339994288,400
customer_churn__all_features__linear_svm,validation,customer_churn,all_features,linear_svm,balanced_accuracy,0.9013141775836973,0.8988948920394442,0.9035308026877001,400
customer_churn__all_features__linear_svm,validation,customer_churn,all_features,linear_svm,accuracy,0.8973761814744802,0.8947901701323251,0.8996914933837429,400
customer_churn__all_features__random_forest,validation,customer_churn,all_features,random_forest,macro_f1,0.9918088962271454,0.991054932017574,0.9925138424648714,400
customer_churn__all_features__random_forest,validation,customer_churn,all_features,random_forest,balanced_accuracy,0.9928767976710334,0.9922253203457522,0.9934829344135597,400
customer_churn__all_features__random_forest,validation,customer_churn,all_features,random_forest,accuracy,0.9919395085066163,0.9911981096408318,0.9926355387523629,400
customer_churn__all_features__xgboost,validation,customer_churn,all_features,xgboost,macro_f1,0.9999076005443297,0.9998153238825014,0.9999692013319552,400
customer_churn__all_features__xgboost,validation,customer_churn,all_features,xgboost,balanced_accuracy,0.9999199999999999,0.9998404966144868,0.9999733812115117,400
customer_churn__all_features__xgboost,validation,customer_churn,all_features,xgboost,accuracy,0.9999092627599244,0.9998185255198487,0.9999697542533081,400
customer_churn__variance_k10__logistic_regression,validation,customer_churn,variance_k10,logistic_regression,macro_f1,0.8556419193510274,0.8530813107790342,0.858562894652281,400
customer_churn__variance_k10__logistic_regression,validation,customer_churn,variance_k10,logistic_regression,balanced_accuracy,0.8598912372634644,0.857358386323604,0.8626793433932068,400
customer_churn__variance_k10__logistic_regression,validation,customer_churn,variance_k10,logistic_regression,accuracy,0.8568922495274102,0.854365595463138,0.8596778827977315,400
customer_churn__variance_k10__linear_svm,validation,customer_churn,variance_k10,linear_svm,macro_f1,0.8557367951408853,0.8534199988347216,0.8580856853143979,400
customer_churn__variance_k10__linear_svm,validation,customer_churn,variance_k10,linear_svm,balanced_accuracy,0.8604442503639009,0.8581112272500767,0.8628173797025906,400
customer_churn__variance_k10__linear_svm,validation,customer_churn,variance_k10,linear_svm,accuracy,0.8568771266540642,0.8545776937618147,0.8592230623818525,400
customer_churn__variance_k10__random_forest,validation,customer_churn,variance_k10,random_forest,macro_f1,0.9826424156065661,0.9816982347227675,0.9836613340327656,400
customer_churn__variance_k10__random_forest,validation,customer_churn,variance_k10,random_forest,balanced_accuracy,0.9848901310043667,0.9840731062134638,0.9857572316158332,400
customer_churn__variance_k10__random_forest,validation,customer_churn,variance_k10,random_forest,accuracy,0.9828809073724007,0.9819425330812854,0.983864650283554,400
customer_churn__variance_k10__xgboost,validation,customer_churn,variance_k10,xgboost,macro_f1,0.9861579287376765,0.9852762863787256,0.9870783733139085,400
customer_churn__variance_k10__xgboost,validation,customer_churn,variance_k10,xgboost,balanced_accuracy,0.9879733333333334,0.9871725578471507,0.9888233448088627,400
customer_churn__variance_k10__xgboost,validation,customer_churn,variance_k10,xgboost,accuracy,0.986359168241966,0.9854960302457467,0.9872982986767486,400
customer_churn__f_classif_k10__logistic_regression,validation,customer_churn,f_classif_k10,logistic_regression,macro_f1,0.8965148339290931,0.8940022071248882,0.898781376427512,400
customer_churn__f_classif_k10__logistic_regression,validation,customer_churn,f_classif_k10,logistic_regression,balanced_accuracy,0.9009995924308588,0.8986503205542183,0.9032246327622052,400
customer_churn__f_classif_k10__logistic_regression,validation,customer_churn,f_classif_k10,logistic_regression,accuracy,0.8974366729678639,0.8949111531190926,0.8995856332703214,400
customer_churn__f_classif_k10__linear_svm,validation,customer_churn,f_classif_k10,linear_svm,macro_f1,0.8963714690533371,0.894026373028712,0.8984968040367689,400
customer_churn__f_classif_k10__linear_svm,validation,customer_churn,f_classif_k10,linear_svm,balanced_accuracy,0.901280058224163,0.898904777006576,0.9033274018554971,400
customer_churn__f_classif_k10__linear_svm,validation,customer_churn,f_classif_k10,linear_svm,accuracy,0.8972249527410208,0.894910775047259,0.8993425330812854,400
customer_churn__f_classif_k10__random_forest,validation,customer_churn,f_classif_k10,random_forest,macro_f1,0.9963074846668755,0.9958469175262114,0.9967552444946726,400
customer_churn__f_classif_k10__random_forest,validation,customer_churn,f_classif_k10,random_forest,balanced_accuracy,0.9967917321688501,0.9963862377726319,0.9971817616564469,400
customer_churn__f_classif_k10__random_forest,validation,customer_churn,f_classif_k10,random_forest,accuracy,0.9963705103969754,0.9959168241965973,0.9968090737240075,400
customer_churn__f_classif_k10__xgboost,validation,customer_churn,f_classif_k10,xgboost,macro_f1,0.9975068072766989,0.9971219633365604,0.9978915729060197,400
customer_churn__f_classif_k10__xgboost,validation,customer_churn,f_classif_k10,xgboost,balanced_accuracy,0.9978400000000001,0.9974991194374818,0.9981816262770714,400
customer_churn__f_classif_k10__xgboost,validation,customer_churn,f_classif_k10,xgboost,accuracy,0.9975500945179584,0.9971716446124764,0.9979281663516069,400
customer_churn__mutual_info_k10__logistic_regression,validation,customer_churn,mutual_info_k10,logistic_regression,macro_f1,0.8965148339290931,0.8940970415782795,0.8989752093687291,400
customer_churn__mutual_info_k10__logistic_regression,validation,customer_churn,mutual_info_k10,logistic_regression,balanced_accuracy,0.9009995924308588,0.8986109667036254,0.9031742064921909,400
customer_churn__mutual_info_k10__logistic_regression,validation,customer_churn,mutual_info_k10,logistic_regression,accuracy,0.8974366729678639,0.8950733459357277,0.8998124763705104,400
customer_churn__mutual_info_k10__linear_svm,validation,customer_churn,mutual_info_k10,linear_svm,macro_f1,0.8963714690533371,0.8942004670172653,0.8987834000961524,400
customer_churn__mutual_info_k10__linear_svm,validation,customer_churn,mutual_info_k10,linear_svm,balanced_accuracy,0.901280058224163,0.8992546299392761,0.9034136415001602,400
customer_churn__mutual_info_k10__linear_svm,validation,customer_churn,mutual_info_k10,linear_svm,accuracy,0.8972249527410208,0.8950926275992439,0.8995844990548204,400
customer_churn__mutual_info_k10__random_forest,validation,customer_churn,mutual_info_k10,random_forest,macro_f1,0.9955851636681275,0.9950717880682188,0.9961103988160215,400
customer_churn__mutual_info_k10__random_forest,validation,customer_churn,mutual_info_k10,random_forest,balanced_accuracy,0.9961609315866085,0.9957294251106089,0.9966133164368856,400
customer_churn__mutual_info_k10__random_forest,validation,customer_churn,mutual_info_k10,random_forest,accuracy,0.9956597353497164,0.9951606805293005,0.9961739130434782,400
customer_churn__mutual_info_k10__xgboost,validation,customer_churn,mutual_info_k10,xgboost,macro_f1,0.9975068072766989,0.9970864396579249,0.9978912635987451,400
customer_churn__mutual_info_k10__xgboost,validation,customer_churn,mutual_info_k10,xgboost,balanced_accuracy,0.9978400000000001,0.997481167161326,0.9981693434597789,400
customer_churn__mutual_info_k10__xgboost,validation,customer_churn,mutual_info_k10,xgboost,accuracy,0.9975500945179584,0.9971413988657846,0.9979281663516069,400
customer_churn__mutual_correlation_k10__logistic_regression,validation,customer_churn,mutual_correlation_k10,logistic_regression,macro_f1,0.8922046923847727,0.8897226541841962,0.894672221416943,400
customer_churn__mutual_correlation_k10__logistic_regression,validation,customer_churn,mutual_correlation_k10,logistic_regression,balanced_accuracy,0.8969588937409025,0.8945935040807221,0.8992650928122423,400
customer_churn__mutual_correlation_k10__logistic_regression,validation,customer_churn,mutual_correlation_k10,logistic_regression,accuracy,0.8931115311909262,0.890598865784499,0.8955466918714555,400
customer_churn__mutual_correlation_k10__linear_svm,validation,customer_churn,mutual_correlation_k10,linear_svm,macro_f1,0.8924073155384007,0.8899936774152865,0.8949209055540703,400
customer_churn__mutual_correlation_k10__linear_svm,validation,customer_churn,mutual_correlation_k10,linear_svm,balanced_accuracy,0.8976484425036391,0.8952574825808534,0.9000569545776922,400
customer_churn__mutual_correlation_k10__linear_svm,validation,customer_churn,mutual_correlation_k10,linear_svm,accuracy,0.8932325141776938,0.8908086956521739,0.8956695652173914,400
customer_churn__mutual_correlation_k10__random_forest,validation,customer_churn,mutual_correlation_k10,random_forest,macro_f1,0.9874580890516143,0.9865869008231463,0.9881646996698566,400
customer_churn__mutual_correlation_k10__random_forest,validation,customer_churn,mutual_correlation_k10,random_forest,balanced_accuracy,0.9890942649199418,0.9883327686247619,0.9896950322621357,400
customer_churn__mutual_correlation_k10__random_forest,validation,customer_churn,mutual_correlation_k10,random_forest,accuracy,0.9876446124763705,0.9867822306238185,0.9883402646502836,400
customer_churn__mutual_correlation_k10__xgboost,validation,customer_churn,mutual_correlation_k10,xgboost,macro_f1,0.9878410024538149,0.9868991111984031,0.9886390435101203,400
customer_churn__mutual_correlation_k10__xgboost,validation,customer_churn,mutual_correlation_k10,xgboost,balanced_accuracy,0.98944,0.9885895865171607,0.990126613916682,400
customer_churn__mutual_correlation_k10__xgboost,validation,customer_churn,mutual_correlation_k10,xgboost,accuracy,0.9880226843100189,0.9870846880907372,0.9887950850661625,400
customer_churn__feature_similarity_k10__logistic_regression,validation,customer_churn,feature_similarity_k10,logistic_regression,macro_f1,0.8533567820018311,0.8509268076377634,0.8556687389400085,400
customer_churn__feature_similarity_k10__logistic_regression,validation,customer_churn,feature_similarity_k10,logistic_regression,balanced_accuracy,0.8578420378457059,0.8553410619870228,0.8601358514955955,400
customer_churn__feature_similarity_k10__logistic_regression,validation,customer_churn,feature_similarity_k10,logistic_regression,accuracy,0.8545633270321361,0.852110775047259,0.856833270321361,400
customer_churn__feature_similarity_k10__linear_svm,validation,customer_churn,feature_similarity_k10,linear_svm,macro_f1,0.8532213311821557,0.8506072165883908,0.8558017951473814,400
customer_churn__feature_similarity_k10__linear_svm,validation,customer_churn,feature_similarity_k10,linear_svm,balanced_accuracy,0.8582271906841339,0.8556222018038109,0.8606894594500352,400
customer_churn__feature_similarity_k10__linear_svm,validation,customer_churn,feature_similarity_k10,linear_svm,accuracy,0.8543062381852552,0.8516593572778828,0.8568476370510397,400
customer_churn__feature_similarity_k10__random_forest,validation,customer_churn,feature_similarity_k10,random_forest,macro_f1,0.9845215447790723,0.9835208724790259,0.985321256356129,400
customer_churn__feature_similarity_k10__random_forest,validation,customer_churn,feature_similarity_k10,random_forest,balanced_accuracy,0.9865301310043668,0.9856306197030729,0.9872094785079911,400
customer_churn__feature_similarity_k10__random_forest,validation,customer_churn,feature_similarity_k10,random_forest,accuracy,0.9847410207939509,0.9837421550094517,0.9855274102079395,400
customer_churn__feature_similarity_k10__xgboost,validation,customer_churn,feature_similarity_k10,xgboost,macro_f1,0.9870911081215213,0.9862626926349587,0.988054172029432,400
customer_churn__feature_similarity_k10__xgboost,validation,customer_churn,feature_similarity_k10,xgboost,balanced_accuracy,0.9887866666666667,0.9880784095101376,0.9896117543984441,400
customer_churn__feature_similarity_k10__xgboost,validation,customer_churn,feature_similarity_k10,xgboost,accuracy,0.987281663516068,0.9864646502835539,0.9882495274102079,400
customer_churn__mrmr_approx_k10__logistic_regression,validation,customer_churn,mrmr_approx_k10,logistic_regression,macro_f1,0.8965483533196962,0.8941521236929947,0.8988730014396764,400
customer_churn__mrmr_approx_k10__logistic_regression,validation,customer_churn,mrmr_approx_k10,logistic_regression,balanced_accuracy,0.9009610480349346,0.8986530787424252,0.9031398984010853,400
customer_churn__mrmr_approx_k10__logistic_regression,validation,customer_churn,mrmr_approx_k10,logistic_regression,accuracy,0.8974820415879017,0.8950775047258979,0.8997368620037807,400
customer_churn__mrmr_approx_k10__linear_svm,validation,customer_churn,mrmr_approx_k10,linear_svm,macro_f1,0.896529149827404,0.8941122423934716,0.8985456185793128,400
customer_churn__mrmr_approx_k10__linear_svm,validation,customer_churn,mrmr_approx_k10,linear_svm,balanced_accuracy,0.9013771179039302,0.8989864872403243,0.9033245417633909,400
customer_churn__mrmr_approx_k10__linear_svm,validation,customer_churn,mrmr_approx_k10,linear_svm,accuracy,0.8973913043478261,0.8949565217391304,0.8994328922495274,400
customer_churn__mrmr_approx_k10__random_forest,validation,customer_churn,mrmr_approx_k10,random_forest,macro_f1,0.9967532844543998,0.9962882070847576,0.9972175481208464,400
customer_churn__mrmr_approx_k10__random_forest,validation,customer_churn,mrmr_approx_k10,random_forest,balanced_accuracy,0.9971783988355167,0.9967922039328708,0.9975981765448854,400
customer_churn__mrmr_approx_k10__random_forest,validation,customer_churn,mrmr_approx_k10,random_forest,accuracy,0.9968090737240075,0.9963553875236295,0.997263516068053,400
customer_churn__mrmr_approx_k10__xgboost,validation,customer_churn,mrmr_approx_k10,xgboost,macro_f1,0.9992455381383969,0.9990460255096518,0.9994319402757357,400
customer_churn__mrmr_approx_k10__xgboost,validation,customer_churn,mrmr_approx_k10,xgboost,balanced_accuracy,0.9993466666666666,0.9991688785222124,0.9995092282122623,400
customer_churn__mrmr_approx_k10__xgboost,validation,customer_churn,mrmr_approx_k10,xgboost,accuracy,0.9992589792060491,0.999062381852552,0.999440831758034,400
customer_churn__rrfs_k10__logistic_regression,validation,customer_churn,rrfs_k10,logistic_regression,macro_f1,0.8965148339290931,0.8941545816944789,0.8987903031339828,400
customer_churn__rrfs_k10__logistic_regression,validation,customer_churn,rrfs_k10,logistic_regression,balanced_accuracy,0.9009995924308588,0.8987413124810552,0.9031104428289883,400
customer_churn__rrfs_k10__logistic_regression,validation,customer_churn,rrfs_k10,logistic_regression,accuracy,0.8974366729678639,0.8951058601134216,0.8997058601134216,400
customer_churn__rrfs_k10__linear_svm,validation,customer_churn,rrfs_k10,linear_svm,macro_f1,0.8963714690533371,0.8941644255409279,0.898661710937408,400
customer_churn__rrfs_k10__linear_svm,validation,customer_churn,rrfs_k10,linear_svm,balanced_accuracy,0.901280058224163,0.8990504080029693,0.9037027550494137,400
customer_churn__rrfs_k10__linear_svm,validation,customer_churn,rrfs_k10,linear_svm,accuracy,0.8972249527410208,0.894970888468809,0.8995996219281663,400
customer_churn__rrfs_k10__random_forest,validation,customer_churn,rrfs_k10,random_forest,macro_f1,0.9954007917309984,0.9948690934694339,0.9959551131542524,400
customer_churn__rrfs_k10__random_forest,validation,customer_churn,rrfs_k10,random_forest,balanced_accuracy,0.9960009315866085,0.9955262100590586,0.9964931781563321,400
customer_churn__rrfs_k10__random_forest,validation,customer_churn,rrfs_k10,random_forest,accuracy,0.9954782608695653,0.9949489603024575,0.9960230623818526,400
customer_churn__rrfs_k10__xgboost,validation,customer_churn,rrfs_k10,xgboost,macro_f1,0.9975068072766989,0.9971532370362433,0.99784611209527,400
customer_churn__rrfs_k10__xgboost,validation,customer_churn,rrfs_k10,xgboost,balanced_accuracy,0.9978400000000001,0.9975328314947234,0.9981237588057293,400
customer_churn__rrfs_k10__xgboost,validation,customer_churn,rrfs_k10,xgboost,accuracy,0.9975500945179584,0.9972022684310019,0.997882797731569,400
customer_churn__boruta_confirmed_12__logistic_regression,validation,customer_churn,boruta_confirmed_12,logistic_regression,macro_f1,0.8965417420989494,0.8941578311896099,0.899010939570151,400
customer_churn__boruta_confirmed_12__logistic_regression,validation,customer_churn,boruta_confirmed_12,logistic_regression,balanced_accuracy,0.9009155749636099,0.8987053063654921,0.9032522190570633,400
customer_churn__boruta_confirmed_12__logistic_regression,validation,customer_churn,boruta_confirmed_12,logistic_regression,accuracy,0.8974820415879017,0.8951807183364839,0.899902079395085,400
customer_churn__boruta_confirmed_12__linear_svm,validation,customer_churn,boruta_confirmed_12,linear_svm,macro_f1,0.8965130353235746,0.8945823172111421,0.8988858066833849,400
customer_churn__boruta_confirmed_12__linear_svm,validation,customer_churn,boruta_confirmed_12,linear_svm,balanced_accuracy,0.9013555167394469,0.8994356464599081,0.9036050380843867,400
customer_churn__boruta_confirmed_12__linear_svm,validation,customer_churn,boruta_confirmed_12,linear_svm,accuracy,0.8973761814744802,0.8954533081285444,0.8997810964083176,400
customer_churn__boruta_confirmed_12__random_forest,validation,customer_churn,boruta_confirmed_12,random_forest,macro_f1,0.9944024110555012,0.9938483132738816,0.994974331925826,400
customer_churn__boruta_confirmed_12__random_forest,validation,customer_churn,boruta_confirmed_12,random_forest,balanced_accuracy,0.9951342649199417,0.9946457510820625,0.9956245854543824,400
customer_churn__boruta_confirmed_12__random_forest,validation,customer_churn,boruta_confirmed_12,random_forest,accuracy,0.9944952741020794,0.9939504725897921,0.9950551984877126,400
customer_churn__boruta_confirmed_12__xgboost,validation,customer_churn,boruta_confirmed_12,xgboost,macro_f1,0.9992455381383969,0.9990305346853764,0.9994612794227016,400
customer_churn__boruta_confirmed_12__xgboost,validation,customer_churn,boruta_confirmed_12,xgboost,balanced_accuracy,0.9993466666666666,0.9991644417647197,0.9995312839858406,400
customer_churn__boruta_confirmed_12__xgboost,validation,customer_churn,boruta_confirmed_12,xgboost,accuracy,0.9992589792060491,0.9990472589792061,0.9994706994328922,400
customer_churn__rfe_k10__logistic_regression,validation,customer_churn,rfe_k10,logistic_regression,macro_f1,0.8965148339290931,0.8940629852989173,0.8985428745234547,400
customer_churn__rfe_k10__logistic_regression,validation,customer_churn,rfe_k10,logistic_regression,balanced_accuracy,0.9009995924308588,0.8985474522273547,0.9030024878270653,400
customer_churn__rfe_k10__logistic_regression,validation,customer_churn,rfe_k10,logistic_regression,accuracy,0.8974366729678639,0.8950759924385633,0.8995236294896031,400
customer_churn__rfe_k10__linear_svm,validation,customer_churn,rfe_k10,linear_svm,macro_f1,0.8963714690533371,0.893998969401649,0.8986368037385134,400
customer_churn__rfe_k10__linear_svm,validation,customer_churn,rfe_k10,linear_svm,balanced_accuracy,0.901280058224163,0.8989259121632734,0.9034753368478039,400
customer_churn__rfe_k10__linear_svm,validation,customer_churn,rfe_k10,linear_svm,accuracy,0.8972249527410208,0.8949398865784499,0.8994650283553874,400
customer_churn__rfe_k10__random_forest,validation,customer_churn,rfe_k10,random_forest,macro_f1,0.9961691231022601,0.9956614569473823,0.9965765360855762,400
customer_churn__rfe_k10__random_forest,validation,customer_churn,rfe_k10,random_forest,balanced_accuracy,0.9966675982532751,0.996228062211639,0.9970283248215395,400
customer_churn__rfe_k10__random_forest,validation,customer_churn,rfe_k10,random_forest,accuracy,0.996234404536862,0.9957349716446126,0.9966427221172023,400
customer_churn__rfe_k10__xgboost,validation,customer_churn,rfe_k10,xgboost,macro_f1,0.9975068072766989,0.9971192935035407,0.9979068692186877,400
customer_churn__rfe_k10__xgboost,validation,customer_churn,rfe_k10,xgboost,balanced_accuracy,0.9978400000000001,0.9975141921704401,0.9981876107279263,400
customer_churn__rfe_k10__xgboost,validation,customer_churn,rfe_k10,xgboost,accuracy,0.9975500945179584,0.9971716446124764,0.9979436672967864,400
customer_churn__l1_logistic_k10__logistic_regression,validation,customer_churn,l1_logistic_k10,logistic_regression,macro_f1,0.8965567026450976,0.8940936280375485,0.8988595828019514,400
customer_churn__l1_logistic_k10__logistic_regression,validation,customer_churn,l1_logistic_k10,logistic_regression,balanced_accuracy,0.9009289082969432,0.8986504089351433,0.9031997866378491,400
customer_churn__l1_logistic_k10__logistic_regression,validation,customer_churn,l1_logistic_k10,logistic_regression,accuracy,0.8974971644612476,0.8951047258979207,0.8998272211720227,400
customer_churn__l1_logistic_k10__linear_svm,validation,customer_churn,l1_logistic_k10,linear_svm,macro_f1,0.8964520350496716,0.8942281281834589,0.8991122236361178,400
customer_churn__l1_logistic_k10__linear_svm,validation,customer_churn,l1_logistic_k10,linear_svm,balanced_accuracy,0.9012939155749635,0.8991825832929675,0.9038915711473821,400
customer_churn__l1_logistic_k10__linear_svm,validation,customer_churn,l1_logistic_k10,linear_svm,accuracy,0.8973156899810965,0.8951368620037807,0.9000075614366729,400
customer_churn__l1_logistic_k10__random_forest,validation,customer_churn,l1_logistic_k10,random_forest,macro_f1,0.9964611686355987,0.9960264318091341,0.9969182155973587,400
customer_churn__l1_logistic_k10__random_forest,validation,customer_churn,l1_logistic_k10,random_forest,balanced_accuracy,0.9969209315866084,0.9965302726682007,0.9973073840749734,400
customer_churn__l1_logistic_k10__random_forest,validation,customer_churn,l1_logistic_k10,random_forest,accuracy,0.9965217391304347,0.9960975425330812,0.9969754253308128,400
customer_churn__l1_logistic_k10__xgboost,validation,customer_churn,l1_logistic_k10,xgboost,macro_f1,0.9992455381383969,0.9990618269552543,0.9994610328860295,400
customer_churn__l1_logistic_k10__xgboost,validation,customer_churn,l1_logistic_k10,xgboost,balanced_accuracy,0.9993466666666666,0.9991911894504641,0.9995316735843861,400
customer_churn__l1_logistic_k10__xgboost,validation,customer_churn,l1_logistic_k10,xgboost,accuracy,0.9992589792060491,0.999077504725898,0.9994706994328922,400
customer_churn__random_forest_k10__logistic_regression,validation,customer_churn,random_forest_k10,logistic_regression,macro_f1,0.8965148339290931,0.894029371104901,0.8987341737814272,400
customer_churn__random_forest_k10__logistic_regression,validation,customer_churn,random_forest_k10,logistic_regression,balanced_accuracy,0.9009995924308588,0.8986019362078685,0.9031327065680193,400
customer_churn__random_forest_k10__logistic_regression,validation,customer_churn,random_forest_k10,logistic_regression,accuracy,0.8974366729678639,0.8950862003780719,0.8995996219281663,400
customer_churn__random_forest_k10__linear_svm,validation,customer_churn,random_forest_k10,linear_svm,macro_f1,0.8963714690533371,0.8942262234518052,0.8986852370994194,400
customer_churn__random_forest_k10__linear_svm,validation,customer_churn,random_forest_k10,linear_svm,balanced_accuracy,0.901280058224163,0.8992520026250969,0.9035157923058226,400
customer_churn__random_forest_k10__linear_svm,validation,customer_churn,random_forest_k10,linear_svm,accuracy,0.8972249527410208,0.8950918714555766,0.8995841209829868,400
customer_churn__random_forest_k10__random_forest,validation,customer_churn,random_forest_k10,random_forest,macro_f1,0.9956312943139991,0.9951085430662402,0.996183683882387,400
customer_churn__random_forest_k10__random_forest,validation,customer_churn,random_forest_k10,random_forest,balanced_accuracy,0.9962050655021835,0.9957476177550222,0.9966770064707069,400
customer_churn__random_forest_k10__random_forest,validation,customer_churn,random_forest_k10,random_forest,accuracy,0.9957051039697542,0.9951905482041589,0.9962495274102079,400
customer_churn__random_forest_k10__xgboost,validation,customer_churn,random_forest_k10,xgboost,macro_f1,0.9975068072766989,0.9971090632797082,0.9979090961213458,400
customer_churn__random_forest_k10__xgboost,validation,customer_churn,random_forest_k10,xgboost,balanced_accuracy,0.9978400000000001,0.9975009435689035,0.9981814869319173,400
customer_churn__random_forest_k10__xgboost,validation,customer_churn,random_forest_k10,xgboost,accuracy,0.9975500945179584,0.9971568998109641,0.9979436672967864,400
customer_churn__linear_svm_k10__logistic_regression,validation,customer_churn,linear_svm_k10,logistic_regression,macro_f1,0.8963801088082738,0.8942021817706322,0.8987541387264913,400
customer_churn__linear_svm_k10__logistic_regression,validation,customer_churn,linear_svm_k10,logistic_regression,balanced_accuracy,0.9012479184861717,0.8991447039911148,0.9034161432552932,400
customer_churn__linear_svm_k10__logistic_regression,validation,customer_churn,linear_svm_k10,logistic_regression,accuracy,0.8972400756143667,0.895047258979206,0.8995270321361059,400
customer_churn__linear_svm_k10__linear_svm,validation,customer_churn,linear_svm_k10,linear_svm,macro_f1,0.8966566068533166,0.8941611771187132,0.8986709653918648,400
customer_churn__linear_svm_k10__linear_svm,validation,customer_churn,linear_svm_k10,linear_svm,balanced_accuracy,0.9020248034934497,0.8995078756627893,0.9039875381795476,400
customer_churn__linear_svm_k10__linear_svm,validation,customer_churn,linear_svm_k10,linear_svm,accuracy,0.8974366729678639,0.89502797731569,0.8994638941398866,400
customer_churn__linear_svm_k10__random_forest,validation,customer_churn,linear_svm_k10,random_forest,macro_f1,0.9709638842625934,0.9697390487035693,0.9722420450853794,400
customer_churn__linear_svm_k10__random_forest,validation,customer_churn,linear_svm_k10,random_forest,balanced_accuracy,0.9738601455604076,0.9727771226760348,0.9750314301212284,400
customer_churn__linear_svm_k10__random_forest,validation,customer_churn,linear_svm_k10,random_forest,accuracy,0.9713270321361058,0.9701319470699433,0.9725988657844991,400
customer_churn__linear_svm_k10__xgboost,validation,customer_churn,linear_svm_k10,xgboost,macro_f1,0.9707510838259575,0.9695518668832004,0.9720827806503147,400
customer_churn__linear_svm_k10__xgboost,validation,customer_churn,linear_svm_k10,xgboost,balanced_accuracy,0.9736776128093159,0.9725842688639662,0.9748875777402647,400
customer_churn__linear_svm_k10__xgboost,validation,customer_churn,linear_svm_k10,xgboost,accuracy,0.9711153119092628,0.9699504725897921,0.9724162570888468,400
madelon__all_features__logistic_regression,validation,madelon,all_features,logistic_regression,macro_f1,0.48664385083781503,0.4294725657629275,0.539496510506316,400
madelon__all_features__logistic_regression,validation,madelon,all_features,logistic_regression,balanced_accuracy,0.4866666666666667,0.4306122448979592,0.5395558223289315,400
madelon__all_features__logistic_regression,validation,madelon,all_features,logistic_regression,accuracy,0.4866666666666667,0.43,0.54,400
madelon__all_features__linear_svm,validation,madelon,all_features,linear_svm,macro_f1,0.48664385083781503,0.4261840975356505,0.5362595967144105,400
madelon__all_features__linear_svm,validation,madelon,all_features,linear_svm,balanced_accuracy,0.4866666666666667,0.4265448170582515,0.5366920515789942,400
madelon__all_features__linear_svm,validation,madelon,all_features,linear_svm,accuracy,0.4866666666666667,0.42658333333333337,0.5367499999999998,400
madelon__all_features__random_forest,validation,madelon,all_features,random_forest,macro_f1,0.5265825035561877,0.4696688417753219,0.5795426268835137,400
madelon__all_features__random_forest,validation,madelon,all_features,random_forest,balanced_accuracy,0.5266666666666666,0.46989442721003694,0.580792485803526,400
madelon__all_features__random_forest,validation,madelon,all_features,random_forest,accuracy,0.5266666666666666,0.47,0.5800833333333332,400
madelon__all_features__xgboost,validation,madelon,all_features,xgboost,macro_f1,0.7433076640997434,0.6965014285555469,0.7932517823985925,400
madelon__all_features__xgboost,validation,madelon,all_features,xgboost,balanced_accuracy,0.7433333333333333,0.6966583496579943,0.7937317898368778,400
madelon__all_features__xgboost,validation,madelon,all_features,xgboost,accuracy,0.7433333333333333,0.6966666666666667,0.7933333333333333,400
madelon__variance_k10__logistic_regression,validation,madelon,variance_k10,logistic_regression,macro_f1,0.595655806182122,0.537898840410242,0.6525952527054345,400
madelon__variance_k10__logistic_regression,validation,madelon,variance_k10,logistic_regression,balanced_accuracy,0.5966666666666667,0.5409909963985594,0.6530929891475722,400
madelon__variance_k10__logistic_regression,validation,madelon,variance_k10,logistic_regression,accuracy,0.5966666666666667,0.5399166666666667,0.6533333333333333,400
madelon__variance_k10__linear_svm,validation,madelon,variance_k10,linear_svm,macro_f1,0.5921732929220895,0.536970739959133,0.6435973149758776,400
madelon__variance_k10__linear_svm,validation,madelon,variance_k10,linear_svm,balanced_accuracy,0.5933333333333333,0.5385534335072755,0.6442993630573248,400
madelon__variance_k10__linear_svm,validation,madelon,variance_k10,linear_svm,accuracy,0.5933333333333334,0.5399166666666667,0.65,400
madelon__variance_k10__random_forest,validation,madelon,variance_k10,random_forest,macro_f1,0.6330724070450098,0.5793137981369229,0.6865440696034848,400
madelon__variance_k10__random_forest,validation,madelon,variance_k10,random_forest,balanced_accuracy,0.6333333333333333,0.5792976343438194,0.6866582959242633,400
madelon__variance_k10__random_forest,validation,madelon,variance_k10,random_forest,accuracy,0.6333333333333333,0.58,0.6866666666666666,400
madelon__variance_k10__xgboost,validation,madelon,variance_k10,xgboost,macro_f1,0.5724021201728208,0.5173699914541356,0.6281938222776775,400
madelon__variance_k10__xgboost,validation,madelon,variance_k10,xgboost,balanced_accuracy,0.5733333333333333,0.5201294151708165,0.6288213815445461,400
madelon__variance_k10__xgboost,validation,madelon,variance_k10,xgboost,accuracy,0.5733333333333334,0.52,0.63,400
madelon__f_classif_k10__logistic_regression,validation,madelon,f_classif_k10,logistic_regression,macro_f1,0.62640099626401,0.5693522495058171,0.6766350486980386,400
madelon__f_classif_k10__logistic_regression,validation,madelon,f_classif_k10,logistic_regression,balanced_accuracy,0.6266666666666667,0.5699594017094017,0.6774061896718147,400
madelon__f_classif_k10__logistic_regression,validation,madelon,f_classif_k10,logistic_regression,accuracy,0.6266666666666667,0.57,0.6766666666666666,400
madelon__f_classif_k10__linear_svm,validation,madelon,f_classif_k10,linear_svm,macro_f1,0.6231281475469979,0.5722582523322853,0.6733556310531909,400
madelon__f_classif_k10__linear_svm,validation,madelon,f_classif_k10,linear_svm,balanced_accuracy,0.6233333333333333,0.5722582523322853,0.6749946853741495,400
madelon__f_classif_k10__linear_svm,validation,madelon,f_classif_k10,linear_svm,accuracy,0.6233333333333333,0.5731666666666667,0.6734166666666666,400
madelon__f_classif_k10__random_forest,validation,madelon,f_classif_k10,random_forest,macro_f1,0.76,0.7099786878723604,0.8067045781683939,400
madelon__f_classif_k10__random_forest,validation,madelon,f_classif_k10,random_forest,balanced_accuracy,0.76,0.7137710813492063,0.8078455007841321,400
madelon__f_classif_k10__random_forest,validation,madelon,f_classif_k10,random_forest,accuracy,0.76,0.71,0.8067499999999999,400
madelon__f_classif_k10__xgboost,validation,madelon,f_classif_k10,xgboost,macro_f1,0.8099809980998101,0.7564333521330482,0.8531728004512892,400
madelon__f_classif_k10__xgboost,validation,madelon,f_classif_k10,xgboost,balanced_accuracy,0.81,0.7578246121497934,0.8532899281874425,400
madelon__f_classif_k10__xgboost,validation,madelon,f_classif_k10,xgboost,accuracy,0.81,0.7566666666666667,0.8533333333333334,400
madelon__mutual_info_k10__logistic_regression,validation,madelon,mutual_info_k10,logistic_regression,macro_f1,0.6164578492734933,0.5598205035438832,0.6693901942457906,400
madelon__mutual_info_k10__logistic_regression,validation,madelon,mutual_info_k10,logistic_regression,balanced_accuracy,0.6166666666666667,0.5616163131919435,0.6699666295884317,400
madelon__mutual_info_k10__logistic_regression,validation,madelon,mutual_info_k10,logistic_regression,accuracy,0.6166666666666667,0.56,0.67,400
madelon__mutual_info_k10__linear_svm,validation,madelon,mutual_info_k10,linear_svm,macro_f1,0.6165601555987774,0.5628431863224537,0.6722456650122561,400
madelon__mutual_info_k10__linear_svm,validation,madelon,mutual_info_k10,linear_svm,balanced_accuracy,0.6166666666666667,0.5628041103087371,0.6724903025036008,400
madelon__mutual_info_k10__linear_svm,validation,madelon,mutual_info_k10,linear_svm,accuracy,0.6166666666666667,0.5633333333333334,0.6734166666666666,400
madelon__mutual_info_k10__random_forest,validation,madelon,mutual_info_k10,random_forest,macro_f1,0.7399537695590328,0.6959010092251395,0.7889903260067133,400
madelon__mutual_info_k10__random_forest,validation,madelon,mutual_info_k10,random_forest,balanced_accuracy,0.74,0.6980631276901005,0.7890717714131362,400
madelon__mutual_info_k10__random_forest,validation,madelon,mutual_info_k10,random_forest,accuracy,0.74,0.6966666666666667,0.79,400
madelon__mutual_info_k10__xgboost,validation,madelon,mutual_info_k10,xgboost,macro_f1,0.7732930298719772,0.7226349864361162,0.8194993760028525,400
madelon__mutual_info_k10__xgboost,validation,madelon,mutual_info_k10,xgboost,balanced_accuracy,0.7733333333333333,0.7236314213185274,0.8200610011967373,400
madelon__mutual_info_k10__xgboost,validation,madelon,mutual_info_k10,xgboost,accuracy,0.7733333333333333,0.7233333333333334,0.82,400
madelon__mutual_correlation_k10__logistic_regression,validation,madelon,mutual_correlation_k10,logistic_regression,macro_f1,0.6065092703748166,0.5513056785700398,0.6633600670639358,400
madelon__mutual_correlation_k10__logistic_regression,validation,madelon,mutual_correlation_k10,logistic_regression,balanced_accuracy,0.6066666666666667,0.551911481055837,0.6652582290321143,400
madelon__mutual_correlation_k10__logistic_regression,validation,madelon,mutual_correlation_k10,logistic_regression,accuracy,0.6066666666666667,0.55325,0.6634166666666665,400
madelon__mutual_correlation_k10__linear_svm,validation,madelon,mutual_correlation_k10,linear_svm,macro_f1,0.6063867639210105,0.5466621315192743,0.6598658355589746,400
madelon__mutual_correlation_k10__linear_svm,validation,madelon,mutual_correlation_k10,linear_svm,balanced_accuracy,0.6066666666666667,0.5483811147835889,0.6600007112375533,400
madelon__mutual_correlation_k10__linear_svm,validation,madelon,mutual_correlation_k10,linear_svm,accuracy,0.6066666666666667,0.5499166666666667,0.66,400
madelon__mutual_correlation_k10__random_forest,validation,madelon,mutual_correlation_k10,random_forest,macro_f1,0.7332266239829266,0.6833277030545624,0.7767278169443927,400
madelon__mutual_correlation_k10__random_forest,validation,madelon,mutual_correlation_k10,random_forest,balanced_accuracy,0.7333333333333334,0.6857262573422787,0.7792557428431026,400
madelon__mutual_correlation_k10__random_forest,validation,madelon,mutual_correlation_k10,random_forest,accuracy,0.7333333333333333,0.6865833333333333,0.78,400
madelon__mutual_correlation_k10__xgboost,validation,madelon,mutual_correlation_k10,xgboost,macro_f1,0.7899976666407404,0.7493734335839599,0.8334089846489519,400
madelon__mutual_correlation_k10__xgboost,validation,madelon,mutual_correlation_k10,xgboost,balanced_accuracy,0.79,0.7496941156319771,0.836552003880637,400
madelon__mutual_correlation_k10__xgboost,validation,madelon,mutual_correlation_k10,xgboost,accuracy,0.79,0.75,0.8334166666666666,400
madelon__feature_similarity_k10__logistic_regression,validation,madelon,feature_similarity_k10,logistic_regression,macro_f1,0.48332759252880586,0.4266282293417133,0.5386878231413799,400
madelon__feature_similarity_k10__logistic_regression,validation,madelon,feature_similarity_k10,logistic_regression,balanced_accuracy,0.48333333333333334,0.4269365187422217,0.5388618775269165,400
madelon__feature_similarity_k10__logistic_regression,validation,madelon,feature_similarity_k10,logistic_regression,accuracy,0.48333333333333334,0.4266666666666667,0.54,400
madelon__feature_similarity_k10__linear_svm,validation,madelon,feature_similarity_k10,linear_svm,macro_f1,0.48332759252880586,0.42454425401734075,0.539354299077503,400
madelon__feature_similarity_k10__linear_svm,validation,madelon,feature_similarity_k10,linear_svm,balanced_accuracy,0.48333333333333334,0.4246175920328944,0.5411819409733758,400
madelon__feature_similarity_k10__linear_svm,validation,madelon,feature_similarity_k10,linear_svm,accuracy,0.48333333333333334,0.42658333333333337,0.5400833333333332,400
madelon__feature_similarity_k10__random_forest,validation,madelon,feature_similarity_k10,random_forest,macro_f1,0.5199146514935988,0.4662816627816627,0.579925320056899,400
madelon__feature_similarity_k10__random_forest,validation,madelon,feature_similarity_k10,random_forest,balanced_accuracy,0.52,0.4665066964285715,0.5816337476444754,400
madelon__feature_similarity_k10__random_forest,validation,madelon,feature_similarity_k10,random_forest,accuracy,0.52,0.4666666666666667,0.58,400
madelon__feature_similarity_k10__xgboost,validation,madelon,feature_similarity_k10,xgboost,macro_f1,0.4796299590820139,0.4197089773409364,0.5330438639000528,400
madelon__feature_similarity_k10__xgboost,validation,madelon,feature_similarity_k10,xgboost,balanced_accuracy,0.48,0.42016386554621843,0.5342259930406257,400
madelon__feature_similarity_k10__xgboost,validation,madelon,feature_similarity_k10,xgboost,accuracy,0.48,0.42,0.5366666666666666,400
madelon__mrmr_approx_k10__logistic_regression,validation,madelon,mrmr_approx_k10,logistic_regression,macro_f1,0.5966621851353904,0.5398951533846145,0.6461047576010382,400
madelon__mrmr_approx_k10__logistic_regression,validation,madelon,mrmr_approx_k10,logistic_regression,balanced_accuracy,0.5966666666666667,0.5409990688646119,0.6461384553821529,400
madelon__mrmr_approx_k10__logistic_regression,validation,madelon,mrmr_approx_k10,logistic_regression,accuracy,0.5966666666666667,0.54,0.6466666666666666,400
madelon__mrmr_approx_k10__linear_svm,validation,madelon,mrmr_approx_k10,linear_svm,macro_f1,0.5966621851353904,0.5433272442752967,0.6499043069074898,400
madelon__mrmr_approx_k10__linear_svm,validation,madelon,mrmr_approx_k10,linear_svm,balanced_accuracy,0.5966666666666667,0.543824700043602,0.6501296452558478,400
madelon__mrmr_approx_k10__linear_svm,validation,madelon,mrmr_approx_k10,linear_svm,accuracy,0.5966666666666667,0.5433333333333333,0.65,400
madelon__mrmr_approx_k10__random_forest,validation,madelon,mrmr_approx_k10,random_forest,macro_f1,0.5295766189570613,0.4685299776095445,0.5893199706149486,400
madelon__mrmr_approx_k10__random_forest,validation,madelon,mrmr_approx_k10,random_forest,balanced_accuracy,0.53,0.4694166812068131,0.5900948613086769,400
madelon__mrmr_approx_k10__random_forest,validation,madelon,mrmr_approx_k10,random_forest,accuracy,0.53,0.46991666666666665,0.5933333333333334,400
madelon__mrmr_approx_k10__xgboost,validation,madelon,mrmr_approx_k10,xgboost,macro_f1,0.5119450882510251,0.456154162086983,0.5667301462801063,400
madelon__mrmr_approx_k10__xgboost,validation,madelon,mrmr_approx_k10,xgboost,balanced_accuracy,0.5133333333333333,0.4578074334341458,0.5714609581385897,400
madelon__mrmr_approx_k10__xgboost,validation,madelon,mrmr_approx_k10,xgboost,accuracy,0.5133333333333333,0.4599166666666667,0.5700833333333332,400
madelon__rrfs_k10__logistic_regression,validation,madelon,rrfs_k10,logistic_regression,macro_f1,0.6164578492734933,0.559451949652414,0.6700069991359473,400
madelon__rrfs_k10__logistic_regression,validation,madelon,rrfs_k10,logistic_regression,balanced_accuracy,0.6166666666666667,0.5603912004396303,0.671391950436798,400
madelon__rrfs_k10__logistic_regression,validation,madelon,rrfs_k10,logistic_regression,accuracy,0.6166666666666667,0.56,0.6733333333333333,400
madelon__rrfs_k10__linear_svm,validation,madelon,rrfs_k10,linear_svm,macro_f1,0.6165601555987774,0.5599980440967284,0.6726251096523788,400
madelon__rrfs_k10__linear_svm,validation,madelon,rrfs_k10,linear_svm,balanced_accuracy,0.6166666666666667,0.5611357861067613,0.672846737500466,400
madelon__rrfs_k10__linear_svm,validation,madelon,rrfs_k10,linear_svm,accuracy,0.6166666666666667,0.56,0.6733333333333333,400
madelon__rrfs_k10__random_forest,validation,madelon,rrfs_k10,random_forest,macro_f1,0.753322369883106,0.7066526510550777,0.8000455963407386,400
madelon__rrfs_k10__random_forest,validation,madelon,rrfs_k10,random_forest,balanced_accuracy,0.7533333333333334,0.7076730469370729,0.8007666264545039,400
madelon__rrfs_k10__random_forest,validation,madelon,rrfs_k10,random_forest,accuracy,0.7533333333333333,0.7099166666666666,0.8000833333333333,400
madelon__rrfs_k10__xgboost,validation,madelon,rrfs_k10,xgboost,macro_f1,0.8066322901849218,0.76,0.8500409577028635,400
madelon__rrfs_k10__xgboost,validation,madelon,rrfs_k10,xgboost,balanced_accuracy,0.8066666666666666,0.7612059664793255,0.8504818933410172,400
madelon__rrfs_k10__xgboost,validation,madelon,rrfs_k10,xgboost,accuracy,0.8066666666666666,0.76,0.8500833333333332,400
madelon__boruta_confirmed_19__logistic_regression,validation,madelon,boruta_confirmed_19,logistic_regression,macro_f1,0.5931706015739628,0.5399156506485951,0.6529558190149637,400
madelon__boruta_confirmed_19__logistic_regression,validation,madelon,boruta_confirmed_19,logistic_regression,balanced_accuracy,0.5933333333333333,0.5429236978323787,0.6531581746881605,400
madelon__boruta_confirmed_19__logistic_regression,validation,madelon,boruta_confirmed_19,logistic_regression,accuracy,0.5933333333333334,0.54,0.6533333333333333,400
madelon__boruta_confirmed_19__linear_svm,validation,madelon,boruta_confirmed_19,linear_svm,macro_f1,0.5797011207970113,0.5235745132484263,0.6364711683091058,400
madelon__boruta_confirmed_19__linear_svm,validation,madelon,boruta_confirmed_19,linear_svm,balanced_accuracy,0.5800000000000001,0.5237280229078596,0.6371818170724904,400
madelon__boruta_confirmed_19__linear_svm,validation,madelon,boruta_confirmed_19,linear_svm,accuracy,0.58,0.5266666666666666,0.6366666666666667,400
madelon__boruta_confirmed_19__random_forest,validation,madelon,boruta_confirmed_19,random_forest,macro_f1,0.8299981110901232,0.7833261066935784,0.8733919297074573,400
madelon__boruta_confirmed_19__random_forest,validation,madelon,boruta_confirmed_19,random_forest,balanced_accuracy,0.8300000000000001,0.7837868582459033,0.8735367653553782,400
madelon__boruta_confirmed_19__random_forest,validation,madelon,boruta_confirmed_19,random_forest,accuracy,0.83,0.7833333333333333,0.8734166666666665,400
madelon__boruta_confirmed_19__xgboost,validation,madelon,boruta_confirmed_19,xgboost,macro_f1,0.8564737035347523,0.8160723731872632,0.8867203191859747,400
madelon__boruta_confirmed_19__xgboost,validation,madelon,boruta_confirmed_19,xgboost,balanced_accuracy,0.8566666666666667,0.8154244759166815,0.888087712219034,400
madelon__boruta_confirmed_19__xgboost,validation,madelon,boruta_confirmed_19,xgboost,accuracy,0.8566666666666667,0.8166666666666667,0.8867499999999999,400
madelon__rfe_k10__logistic_regression,validation,madelon,rfe_k10,logistic_regression,macro_f1,0.5930439423590108,0.5332477615275603,0.6498661277325106,400
madelon__rfe_k10__logistic_regression,validation,madelon,rfe_k10,logistic_regression,balanced_accuracy,0.5933333333333333,0.5355444423348685,0.6514139715662105,400
madelon__rfe_k10__logistic_regression,validation,madelon,rfe_k10,logistic_regression,accuracy,0.5933333333333334,0.5333333333333333,0.6500833333333332,400
madelon__rfe_k10__linear_svm,validation,madelon,rfe_k10,linear_svm,macro_f1,0.5798319327731092,0.5256256734074601,0.6362666848213664,400
madelon__rfe_k10__linear_svm,validation,madelon,rfe_k10,linear_svm,balanced_accuracy,0.5800000000000001,0.5263778390150673,0.636237724604163,400
madelon__rfe_k10__linear_svm,validation,madelon,rfe_k10,linear_svm,accuracy,0.58,0.5266666666666666,0.6367499999999999,400
madelon__rfe_k10__random_forest,validation,madelon,rfe_k10,random_forest,macro_f1,0.8099472075576549,0.7699345587643872,0.8559717783842746,400
madelon__rfe_k10__random_forest,validation,madelon,rfe_k10,random_forest,balanced_accuracy,0.81,0.7717399779395232,0.8565722018200809,400
madelon__rfe_k10__random_forest,validation,madelon,rfe_k10,random_forest,accuracy,0.81,0.77,0.8566666666666667,400
madelon__rfe_k10__xgboost,validation,madelon,rfe_k10,xgboost,macro_f1,0.8499182888461496,0.8133231481893902,0.8892307692307693,400
madelon__rfe_k10__xgboost,validation,madelon,rfe_k10,xgboost,balanced_accuracy,0.85,0.8141551724137931,0.8886898473814514,400
madelon__rfe_k10__xgboost,validation,madelon,rfe_k10,xgboost,accuracy,0.85,0.8165833333333333,0.89,400
madelon__l1_logistic_k10__logistic_regression,validation,madelon,l1_logistic_k10,logistic_regression,macro_f1,0.5862068965517242,0.5249051960225999,0.6430998749881962,400
madelon__l1_logistic_k10__logistic_regression,validation,madelon,l1_logistic_k10,logistic_regression,balanced_accuracy,0.5866666666666667,0.525644011160652,0.643308205524173,400
madelon__l1_logistic_k10__logistic_regression,validation,madelon,l1_logistic_k10,logistic_regression,accuracy,0.5866666666666667,0.5266666666666666,0.6434166666666665,400
madelon__l1_logistic_k10__linear_svm,validation,madelon,l1_logistic_k10,linear_svm,macro_f1,0.5862068965517242,0.5259012567183348,0.6422644906010639,400
madelon__l1_logistic_k10__linear_svm,validation,madelon,l1_logistic_k10,linear_svm,balanced_accuracy,0.5866666666666667,0.5270450317941404,0.6438036134939329,400
madelon__l1_logistic_k10__linear_svm,validation,madelon,l1_logistic_k10,linear_svm,accuracy,0.5866666666666667,0.5266666666666666,0.6434166666666665,400
madelon__l1_logistic_k10__random_forest,validation,madelon,l1_logistic_k10,random_forest,macro_f1,0.5897766561794755,0.5297282670270731,0.6432358175152516,400
madelon__l1_logistic_k10__random_forest,validation,madelon,l1_logistic_k10,random_forest,balanced_accuracy,0.59,0.5302656710255709,0.6433143669985775,400
madelon__l1_logistic_k10__random_forest,validation,madelon,l1_logistic_k10,random_forest,accuracy,0.59,0.53,0.6433333333333333,400
madelon__l1_logistic_k10__xgboost,validation,madelon,l1_logistic_k10,xgboost,macro_f1,0.5466666666666666,0.4932364816782625,0.5953808593860915,400
madelon__l1_logistic_k10__xgboost,validation,madelon,l1_logistic_k10,xgboost,balanced_accuracy,0.5466666666666666,0.494097469179706,0.5964005035042697,400
madelon__l1_logistic_k10__xgboost,validation,madelon,l1_logistic_k10,xgboost,accuracy,0.5466666666666666,0.49333333333333335,0.5966666666666667,400
madelon__random_forest_k10__logistic_regression,validation,madelon,random_forest_k10,logistic_regression,macro_f1,0.6164578492734933,0.553248722562309,0.6667326706581262,400
madelon__random_forest_k10__logistic_regression,validation,madelon,random_forest_k10,logistic_regression,balanced_accuracy,0.6166666666666667,0.5534357969735734,0.6689297596824431,400
madelon__random_forest_k10__logistic_regression,validation,madelon,random_forest_k10,logistic_regression,accuracy,0.6166666666666667,0.5565833333333333,0.6668333333333332,400
madelon__random_forest_k10__linear_svm,validation,madelon,random_forest_k10,linear_svm,macro_f1,0.6165601555987774,0.5602707713694556,0.6760734937281011,400
madelon__random_forest_k10__linear_svm,validation,madelon,random_forest_k10,linear_svm,balanced_accuracy,0.6166666666666667,0.5626218038953776,0.6760748257565223,400
madelon__random_forest_k10__linear_svm,validation,madelon,random_forest_k10,linear_svm,accuracy,0.6166666666666667,0.5633333333333334,0.6766666666666666,400
madelon__random_forest_k10__random_forest,validation,madelon,random_forest_k10,random_forest,macro_f1,0.7666251778093883,0.7122847488009427,0.8128749321189488,400
madelon__random_forest_k10__random_forest,validation,madelon,random_forest_k10,random_forest,balanced_accuracy,0.7666666666666666,0.7126829567525211,0.8153980294025649,400
madelon__random_forest_k10__random_forest,validation,madelon,random_forest_k10,random_forest,accuracy,0.7666666666666667,0.7133333333333334,0.8134166666666666,400
madelon__random_forest_k10__xgboost,validation,madelon,random_forest_k10,xgboost,macro_f1,0.7999911107160318,0.7533182556636034,0.8398728628951633,400
madelon__random_forest_k10__xgboost,validation,madelon,random_forest_k10,xgboost,balanced_accuracy,0.8,0.753500671101774,0.8406098874782162,400
madelon__random_forest_k10__xgboost,validation,madelon,random_forest_k10,xgboost,accuracy,0.8,0.7533333333333333,0.8400833333333332,400
madelon__linear_svm_k10__logistic_regression,validation,madelon,linear_svm_k10,logistic_regression,macro_f1,0.589448035692431,0.5339971252685592,0.646419943908904,400
madelon__linear_svm_k10__logistic_regression,validation,madelon,linear_svm_k10,logistic_regression,balanced_accuracy,0.5900000000000001,0.5366431364225389,0.6471735687459668,400
madelon__linear_svm_k10__logistic_regression,validation,madelon,linear_svm_k10,logistic_regression,accuracy,0.59,0.54,0.6466666666666666,400
madelon__linear_svm_k10__linear_svm,validation,madelon,linear_svm_k10,linear_svm,macro_f1,0.5760967523003149,0.5217335977579287,0.6330752620682977,400
madelon__linear_svm_k10__linear_svm,validation,madelon,linear_svm_k10,linear_svm,balanced_accuracy,0.5766666666666667,0.5233102240896358,0.6336585154744944,400
madelon__linear_svm_k10__linear_svm,validation,madelon,linear_svm_k10,linear_svm,accuracy,0.5766666666666667,0.5233333333333333,0.6333333333333333,400
madelon__linear_svm_k10__random_forest,validation,madelon,linear_svm_k10,random_forest,macro_f1,0.7999644381223329,0.7499966665740675,0.8391558194385268,400
madelon__linear_svm_k10__random_forest,validation,madelon,linear_svm_k10,random_forest,balanced_accuracy,0.8,0.752373727169876,0.8400009333748167,400
madelon__linear_svm_k10__random_forest,validation,madelon,linear_svm_k10,random_forest,accuracy,0.8,0.75,0.84,400
madelon__linear_svm_k10__xgboost,validation,madelon,linear_svm_k10,xgboost,macro_f1,0.8065893023876217,0.7592491004104598,0.849868214763658,400
madelon__linear_svm_k10__xgboost,validation,madelon,linear_svm_k10,xgboost,balanced_accuracy,0.8066666666666666,0.7590239154616241,0.8512311104331796,400
madelon__linear_svm_k10__xgboost,validation,madelon,linear_svm_k10,xgboost,accuracy,0.8066666666666666,0.7599166666666667,0.85,400
olive_oil_3class__all_features__logistic_regression,validation,olive_oil_3class,all_features,logistic_regression,macro_f1,0.9891561664757541,0.9656823027609597,1.0,400
olive_oil_3class__all_features__logistic_regression,validation,olive_oil_3class,all_features,logistic_regression,balanced_accuracy,0.9931972789115647,0.9767441860465116,1.0,400
olive_oil_3class__all_features__logistic_regression,validation,olive_oil_3class,all_features,logistic_regression,accuracy,0.9883720930232558,0.9651162790697675,1.0,400
olive_oil_3class__all_features__linear_svm,validation,olive_oil_3class,all_features,linear_svm,macro_f1,1.0,1.0,1.0,400
olive_oil_3class__all_features__linear_svm,validation,olive_oil_3class,all_features,linear_svm,balanced_accuracy,1.0,1.0,1.0,400
olive_oil_3class__all_features__linear_svm,validation,olive_oil_3class,all_features,linear_svm,accuracy,1.0,1.0,1.0,400
olive_oil_3class__all_features__random_forest,validation,olive_oil_3class,all_features,random_forest,macro_f1,0.9888810586485005,0.9611304842566185,1.0,400
olive_oil_3class__all_features__random_forest,validation,olive_oil_3class,all_features,random_forest,balanced_accuracy,0.9848484848484849,0.9486842105263159,1.0,400
olive_oil_3class__all_features__random_forest,validation,olive_oil_3class,all_features,random_forest,accuracy,0.9883720930232558,0.9648255813953489,1.0,400
olive_oil_3class__all_features__xgboost,validation,olive_oil_3class,all_features,xgboost,macro_f1,1.0,1.0,1.0,400
olive_oil_3class__all_features__xgboost,validation,olive_oil_3class,all_features,xgboost,balanced_accuracy,1.0,1.0,1.0,400
olive_oil_3class__all_features__xgboost,validation,olive_oil_3class,all_features,xgboost,accuracy,1.0,1.0,1.0,400
olive_oil_3class__variance_k5__logistic_regression,validation,olive_oil_3class,variance_k5,logistic_regression,macro_f1,0.9345145118340995,0.8699103537196516,0.9890933581409772,400
olive_oil_3class__variance_k5__logistic_regression,validation,olive_oil_3class,variance_k5,logistic_regression,balanced_accuracy,0.9477427334570191,0.8914419041745592,0.9935927672955975,400
olive_oil_3class__variance_k5__logistic_regression,validation,olive_oil_3class,variance_k5,logistic_regression,accuracy,0.9534883720930233,0.9069767441860465,0.9883720930232558,400
olive_oil_3class__variance_k5__linear_svm,validation,olive_oil_3class,variance_k5,linear_svm,macro_f1,1.0,1.0,1.0,400
olive_oil_3class__variance_k5__linear_svm,validation,olive_oil_3class,variance_k5,linear_svm,balanced_accuracy,1.0,1.0,1.0,400
olive_oil_3class__variance_k5__linear_svm,validation,olive_oil_3class,variance_k5,linear_svm,accuracy,1.0,1.0,1.0,400
olive_oil_3class__variance_k5__random_forest,validation,olive_oil_3class,variance_k5,random_forest,macro_f1,0.9814953738434609,0.9343574879227053,1.0,400
olive_oil_3class__variance_k5__random_forest,validation,olive_oil_3class,variance_k5,random_forest,balanced_accuracy,0.9848484848484849,0.9499679487179488,1.0,400
olive_oil_3class__variance_k5__random_forest,validation,olive_oil_3class,variance_k5,random_forest,accuracy,0.9883720930232558,0.9651162790697675,1.0,400
olive_oil_3class__variance_k5__xgboost,validation,olive_oil_3class,variance_k5,xgboost,macro_f1,0.9814953738434609,0.936087962962963,1.0,400
olive_oil_3class__variance_k5__xgboost,validation,olive_oil_3class,variance_k5,xgboost,balanced_accuracy,0.9848484848484849,0.9486842105263159,1.0,400
olive_oil_3class__variance_k5__xgboost,validation,olive_oil_3class,variance_k5,xgboost,accuracy,0.9883720930232558,0.9651162790697675,1.0,400
olive_oil_3class__f_classif_k5__logistic_regression,validation,olive_oil_3class,f_classif_k5,logistic_regression,macro_f1,0.9891561664757541,0.964092129136377,1.0,400
olive_oil_3class__f_classif_k5__logistic_regression,validation,olive_oil_3class,f_classif_k5,logistic_regression,balanced_accuracy,0.9931972789115647,0.977245670995671,1.0,400
olive_oil_3class__f_classif_k5__logistic_regression,validation,olive_oil_3class,f_classif_k5,logistic_regression,accuracy,0.9883720930232558,0.9651162790697675,1.0,400
olive_oil_3class__f_classif_k5__linear_svm,validation,olive_oil_3class,f_classif_k5,linear_svm,macro_f1,1.0,1.0,1.0,400
olive_oil_3class__f_classif_k5__linear_svm,validation,olive_oil_3class,f_classif_k5,linear_svm,balanced_accuracy,1.0,1.0,1.0,400
olive_oil_3class__f_classif_k5__linear_svm,validation,olive_oil_3class,f_classif_k5,linear_svm,accuracy,1.0,1.0,1.0,400
olive_oil_3class__f_classif_k5__random_forest,validation,olive_oil_3class,f_classif_k5,random_forest,macro_f1,0.9814953738434609,0.9326054664289958,1.0,400
olive_oil_3class__f_classif_k5__random_forest,validation,olive_oil_3class,f_classif_k5,random_forest,balanced_accuracy,0.9848484848484849,0.9443840579710145,1.0,400
olive_oil_3class__f_classif_k5__random_forest,validation,olive_oil_3class,f_classif_k5,random_forest,accuracy,0.9883720930232558,0.9651162790697675,1.0,400
olive_oil_3class__f_classif_k5__xgboost,validation,olive_oil_3class,f_classif_k5,xgboost,macro_f1,1.0,1.0,1.0,400
olive_oil_3class__f_classif_k5__xgboost,validation,olive_oil_3class,f_classif_k5,xgboost,balanced_accuracy,1.0,1.0,1.0,400
olive_oil_3class__f_classif_k5__xgboost,validation,olive_oil_3class,f_classif_k5,xgboost,accuracy,1.0,1.0,1.0,400
olive_oil_3class__mutual_info_k5__logistic_regression,validation,olive_oil_3class,mutual_info_k5,logistic_regression,macro_f1,0.9891561664757541,0.9617015290834061,1.0,400
olive_oil_3class__mutual_info_k5__logistic_regression,validation,olive_oil_3class,mutual_info_k5,logistic_regression,balanced_accuracy,0.9931972789115647,0.977245670995671,1.0,400
olive_oil_3class__mutual_info_k5__logistic_regression,validation,olive_oil_3class,mutual_info_k5,logistic_regression,accuracy,0.9883720930232558,0.9648255813953489,1.0,400
olive_oil_3class__mutual_info_k5__linear_svm,validation,olive_oil_3class,mutual_info_k5,linear_svm,macro_f1,1.0,1.0,1.0,400
olive_oil_3class__mutual_info_k5__linear_svm,validation,olive_oil_3class,mutual_info_k5,linear_svm,balanced_accuracy,1.0,1.0,1.0,400
olive_oil_3class__mutual_info_k5__linear_svm,validation,olive_oil_3class,mutual_info_k5,linear_svm,accuracy,1.0,1.0,1.0,400
olive_oil_3class__mutual_info_k5__random_forest,validation,olive_oil_3class,mutual_info_k5,random_forest,macro_f1,0.9814953738434609,0.9326009570494865,1.0,400
olive_oil_3class__mutual_info_k5__random_forest,validation,olive_oil_3class,mutual_info_k5,random_forest,balanced_accuracy,0.9848484848484849,0.9444444444444445,1.0,400
olive_oil_3class__mutual_info_k5__random_forest,validation,olive_oil_3class,mutual_info_k5,random_forest,accuracy,0.9883720930232558,0.9648255813953489,1.0,400
olive_oil_3class__mutual_info_k5__xgboost,validation,olive_oil_3class,mutual_info_k5,xgboost,macro_f1,1.0,1.0,1.0,400
olive_oil_3class__mutual_info_k5__xgboost,validation,olive_oil_3class,mutual_info_k5,xgboost,balanced_accuracy,1.0,1.0,1.0,400
olive_oil_3class__mutual_info_k5__xgboost,validation,olive_oil_3class,mutual_info_k5,xgboost,accuracy,1.0,1.0,1.0,400
olive_oil_3class__mutual_correlation_k5__logistic_regression,validation,olive_oil_3class,mutual_correlation_k5,logistic_regression,macro_f1,1.0,1.0,1.0,400
olive_oil_3class__mutual_correlation_k5__logistic_regression,validation,olive_oil_3class,mutual_correlation_k5,logistic_regression,balanced_accuracy,1.0,1.0,1.0,400
olive_oil_3class__mutual_correlation_k5__logistic_regression,validation,olive_oil_3class,mutual_correlation_k5,logistic_regression,accuracy,1.0,1.0,1.0,400
olive_oil_3class__mutual_correlation_k5__linear_svm,validation,olive_oil_3class,mutual_correlation_k5,linear_svm,macro_f1,1.0,1.0,1.0,400
olive_oil_3class__mutual_correlation_k5__linear_svm,validation,olive_oil_3class,mutual_correlation_k5,linear_svm,balanced_accuracy,1.0,1.0,1.0,400
olive_oil_3class__mutual_correlation_k5__linear_svm,validation,olive_oil_3class,mutual_correlation_k5,linear_svm,accuracy,1.0,1.0,1.0,400
olive_oil_3class__mutual_correlation_k5__random_forest,validation,olive_oil_3class,mutual_correlation_k5,random_forest,macro_f1,0.9814953738434609,0.9384462267803271,1.0,400
olive_oil_3class__mutual_correlation_k5__random_forest,validation,olive_oil_3class,mutual_correlation_k5,random_forest,balanced_accuracy,0.9848484848484849,0.9473508771929824,1.0,400
olive_oil_3class__mutual_correlation_k5__random_forest,validation,olive_oil_3class,mutual_correlation_k5,random_forest,accuracy,0.9883720930232558,0.9651162790697675,1.0,400
olive_oil_3class__mutual_correlation_k5__xgboost,validation,olive_oil_3class,mutual_correlation_k5,xgboost,macro_f1,0.9814953738434609,0.9351883391254344,1.0,400
olive_oil_3class__mutual_correlation_k5__xgboost,validation,olive_oil_3class,mutual_correlation_k5,xgboost,balanced_accuracy,0.9848484848484849,0.9499679487179488,1.0,400
olive_oil_3class__mutual_correlation_k5__xgboost,validation,olive_oil_3class,mutual_correlation_k5,xgboost,accuracy,0.9883720930232558,0.9651162790697675,1.0,400
olive_oil_3class__feature_similarity_k5__logistic_regression,validation,olive_oil_3class,feature_similarity_k5,logistic_regression,macro_f1,0.8738483738483739,0.7967143526799995,0.9272999612125611,400
olive_oil_3class__feature_similarity_k5__logistic_regression,validation,olive_oil_3class,feature_similarity_k5,logistic_regression,balanced_accuracy,0.9084724799010514,0.8536343206601826,0.9516395202020203,400
olive_oil_3class__feature_similarity_k5__logistic_regression,validation,olive_oil_3class,feature_similarity_k5,logistic_regression,accuracy,0.872093023255814,0.8020348837209302,0.9302325581395349,400
olive_oil_3class__feature_similarity_k5__linear_svm,validation,olive_oil_3class,feature_similarity_k5,linear_svm,macro_f1,0.9427179449324573,0.8909128885995871,0.9861437123513377,400
olive_oil_3class__feature_similarity_k5__linear_svm,validation,olive_oil_3class,feature_similarity_k5,linear_svm,balanced_accuracy,0.9576376004947433,0.9152706916099773,0.9881990586932446,400
olive_oil_3class__feature_similarity_k5__linear_svm,validation,olive_oil_3class,feature_similarity_k5,linear_svm,accuracy,0.9418604651162791,0.8950581395348838,0.9883720930232558,400
olive_oil_3class__feature_similarity_k5__random_forest,validation,olive_oil_3class,feature_similarity_k5,random_forest,macro_f1,0.9571256038647343,0.911917914051183,0.9896174513627728,400
olive_oil_3class__feature_similarity_k5__random_forest,validation,olive_oil_3class,feature_similarity_k5,random_forest,balanced_accuracy,0.9644403215831788,0.9254559232756907,0.9935897435897436,400
olive_oil_3class__feature_similarity_k5__random_forest,validation,olive_oil_3class,feature_similarity_k5,random_forest,accuracy,0.9534883720930233,0.9069767441860465,0.9883720930232558,400
olive_oil_3class__feature_similarity_k5__xgboost,validation,olive_oil_3class,feature_similarity_k5,xgboost,macro_f1,0.9774603174603174,0.942832300303201,1.0,400
olive_oil_3class__feature_similarity_k5__xgboost,validation,olive_oil_3class,feature_similarity_k5,xgboost,balanced_accuracy,0.9696969696969697,0.9242424242424242,1.0,400
olive_oil_3class__feature_similarity_k5__xgboost,validation,olive_oil_3class,feature_similarity_k5,xgboost,accuracy,0.9767441860465116,0.9418604651162791,1.0,400
olive_oil_3class__mrmr_approx_k5__logistic_regression,validation,olive_oil_3class,mrmr_approx_k5,logistic_regression,macro_f1,1.0,1.0,1.0,400
olive_oil_3class__mrmr_approx_k5__logistic_regression,validation,olive_oil_3class,mrmr_approx_k5,logistic_regression,balanced_accuracy,1.0,1.0,1.0,400
olive_oil_3class__mrmr_approx_k5__logistic_regression,validation,olive_oil_3class,mrmr_approx_k5,logistic_regression,accuracy,1.0,1.0,1.0,400
olive_oil_3class__mrmr_approx_k5__linear_svm,validation,olive_oil_3class,mrmr_approx_k5,linear_svm,macro_f1,1.0,1.0,1.0,400
olive_oil_3class__mrmr_approx_k5__linear_svm,validation,olive_oil_3class,mrmr_approx_k5,linear_svm,balanced_accuracy,1.0,1.0,1.0,400
olive_oil_3class__mrmr_approx_k5__linear_svm,validation,olive_oil_3class,mrmr_approx_k5,linear_svm,accuracy,1.0,1.0,1.0,400
olive_oil_3class__mrmr_approx_k5__random_forest,validation,olive_oil_3class,mrmr_approx_k5,random_forest,macro_f1,1.0,1.0,1.0,400
olive_oil_3class__mrmr_approx_k5__random_forest,validation,olive_oil_3class,mrmr_approx_k5,random_forest,balanced_accuracy,1.0,1.0,1.0,400
olive_oil_3class__mrmr_approx_k5__random_forest,validation,olive_oil_3class,mrmr_approx_k5,random_forest,accuracy,1.0,1.0,1.0,400
olive_oil_3class__mrmr_approx_k5__xgboost,validation,olive_oil_3class,mrmr_approx_k5,xgboost,macro_f1,1.0,1.0,1.0,400
olive_oil_3class__mrmr_approx_k5__xgboost,validation,olive_oil_3class,mrmr_approx_k5,xgboost,balanced_accuracy,1.0,1.0,1.0,400
olive_oil_3class__mrmr_approx_k5__xgboost,validation,olive_oil_3class,mrmr_approx_k5,xgboost,accuracy,1.0,1.0,1.0,400
olive_oil_3class__rrfs_k5__logistic_regression,validation,olive_oil_3class,rrfs_k5,logistic_regression,macro_f1,0.9891561664757541,0.9642120042120044,1.0,400
olive_oil_3class__rrfs_k5__logistic_regression,validation,olive_oil_3class,rrfs_k5,logistic_regression,balanced_accuracy,0.9931972789115647,0.9777777777777779,1.0,400
olive_oil_3class__rrfs_k5__logistic_regression,validation,olive_oil_3class,rrfs_k5,logistic_regression,accuracy,0.9883720930232558,0.9651162790697675,1.0,400
olive_oil_3class__rrfs_k5__linear_svm,validation,olive_oil_3class,rrfs_k5,linear_svm,macro_f1,1.0,1.0,1.0,400
olive_oil_3class__rrfs_k5__linear_svm,validation,olive_oil_3class,rrfs_k5,linear_svm,balanced_accuracy,1.0,1.0,1.0,400
olive_oil_3class__rrfs_k5__linear_svm,validation,olive_oil_3class,rrfs_k5,linear_svm,accuracy,1.0,1.0,1.0,400
olive_oil_3class__rrfs_k5__random_forest,validation,olive_oil_3class,rrfs_k5,random_forest,macro_f1,1.0,1.0,1.0,400
olive_oil_3class__rrfs_k5__random_forest,validation,olive_oil_3class,rrfs_k5,random_forest,balanced_accuracy,1.0,1.0,1.0,400
olive_oil_3class__rrfs_k5__random_forest,validation,olive_oil_3class,rrfs_k5,random_forest,accuracy,1.0,1.0,1.0,400
olive_oil_3class__rrfs_k5__xgboost,validation,olive_oil_3class,rrfs_k5,xgboost,macro_f1,1.0,1.0,1.0,400
olive_oil_3class__rrfs_k5__xgboost,validation,olive_oil_3class,rrfs_k5,xgboost,balanced_accuracy,1.0,1.0,1.0,400
olive_oil_3class__rrfs_k5__xgboost,validation,olive_oil_3class,rrfs_k5,xgboost,accuracy,1.0,1.0,1.0,400
olive_oil_3class__boruta_confirmed_8__logistic_regression,validation,olive_oil_3class,boruta_confirmed_8,logistic_regression,macro_f1,0.9891561664757541,0.9642181075170767,1.0,400
olive_oil_3class__boruta_confirmed_8__logistic_regression,validation,olive_oil_3class,boruta_confirmed_8,logistic_regression,balanced_accuracy,0.9931972789115647,0.9786871373307543,1.0,400
olive_oil_3class__boruta_confirmed_8__logistic_regression,validation,olive_oil_3class,boruta_confirmed_8,logistic_regression,accuracy,0.9883720930232558,0.9651162790697675,1.0,400
olive_oil_3class__boruta_confirmed_8__linear_svm,validation,olive_oil_3class,boruta_confirmed_8,linear_svm,macro_f1,1.0,1.0,1.0,400
olive_oil_3class__boruta_confirmed_8__linear_svm,validation,olive_oil_3class,boruta_confirmed_8,linear_svm,balanced_accuracy,1.0,1.0,1.0,400
olive_oil_3class__boruta_confirmed_8__linear_svm,validation,olive_oil_3class,boruta_confirmed_8,linear_svm,accuracy,1.0,1.0,1.0,400
olive_oil_3class__boruta_confirmed_8__random_forest,validation,olive_oil_3class,boruta_confirmed_8,random_forest,macro_f1,0.9888810586485005,0.961374458874459,1.0,400
olive_oil_3class__boruta_confirmed_8__random_forest,validation,olive_oil_3class,boruta_confirmed_8,random_forest,balanced_accuracy,0.9848484848484849,0.9522893772893773,1.0,400
olive_oil_3class__boruta_confirmed_8__random_forest,validation,olive_oil_3class,boruta_confirmed_8,random_forest,accuracy,0.9883720930232558,0.9651162790697675,1.0,400
olive_oil_3class__boruta_confirmed_8__xgboost,validation,olive_oil_3class,boruta_confirmed_8,xgboost,macro_f1,1.0,1.0,1.0,400
olive_oil_3class__boruta_confirmed_8__xgboost,validation,olive_oil_3class,boruta_confirmed_8,xgboost,balanced_accuracy,1.0,1.0,1.0,400
olive_oil_3class__boruta_confirmed_8__xgboost,validation,olive_oil_3class,boruta_confirmed_8,xgboost,accuracy,1.0,1.0,1.0,400
olive_oil_3class__rfe_k5__logistic_regression,validation,olive_oil_3class,rfe_k5,logistic_regression,macro_f1,0.8738483738483739,0.7923151380537988,0.9341707451005482,400
olive_oil_3class__rfe_k5__logistic_regression,validation,olive_oil_3class,rfe_k5,logistic_regression,balanced_accuracy,0.9084724799010514,0.8430035070938945,0.9574689716312057,400
olive_oil_3class__rfe_k5__logistic_regression,validation,olive_oil_3class,rfe_k5,logistic_regression,accuracy,0.872093023255814,0.7906976744186046,0.9302325581395349,400
olive_oil_3class__rfe_k5__linear_svm,validation,olive_oil_3class,rfe_k5,linear_svm,macro_f1,0.9427179449324573,0.886625041267557,0.9888977636628261,400
olive_oil_3class__rfe_k5__linear_svm,validation,olive_oil_3class,rfe_k5,linear_svm,balanced_accuracy,0.9576376004947433,0.9138511904761905,0.9929114952718676,400
olive_oil_3class__rfe_k5__linear_svm,validation,olive_oil_3class,rfe_k5,linear_svm,accuracy,0.9418604651162791,0.8953488372093024,0.9883720930232558,400
olive_oil_3class__rfe_k5__random_forest,validation,olive_oil_3class,rfe_k5,random_forest,macro_f1,0.9571256038647343,0.9071536531279178,0.9892260694388355,400
olive_oil_3class__rfe_k5__random_forest,validation,olive_oil_3class,rfe_k5,random_forest,balanced_accuracy,0.9644403215831788,0.9173940499385097,0.9933333333333333,400
olive_oil_3class__rfe_k5__random_forest,validation,olive_oil_3class,rfe_k5,random_forest,accuracy,0.9534883720930233,0.9069767441860465,0.9883720930232558,400
olive_oil_3class__rfe_k5__xgboost,validation,olive_oil_3class,rfe_k5,xgboost,macro_f1,0.9774603174603174,0.9413416086313281,1.0,400
olive_oil_3class__rfe_k5__xgboost,validation,olive_oil_3class,rfe_k5,xgboost,balanced_accuracy,0.9696969696969697,0.9215686274509803,1.0,400
olive_oil_3class__rfe_k5__xgboost,validation,olive_oil_3class,rfe_k5,xgboost,accuracy,0.9767441860465116,0.9418604651162791,1.0,400
olive_oil_3class__l1_logistic_k5__logistic_regression,validation,olive_oil_3class,l1_logistic_k5,logistic_regression,macro_f1,1.0,1.0,1.0,400
olive_oil_3class__l1_logistic_k5__logistic_regression,validation,olive_oil_3class,l1_logistic_k5,logistic_regression,balanced_accuracy,1.0,1.0,1.0,400
olive_oil_3class__l1_logistic_k5__logistic_regression,validation,olive_oil_3class,l1_logistic_k5,logistic_regression,accuracy,1.0,1.0,1.0,400
olive_oil_3class__l1_logistic_k5__linear_svm,validation,olive_oil_3class,l1_logistic_k5,linear_svm,macro_f1,1.0,1.0,1.0,400
olive_oil_3class__l1_logistic_k5__linear_svm,validation,olive_oil_3class,l1_logistic_k5,linear_svm,balanced_accuracy,1.0,1.0,1.0,400
olive_oil_3class__l1_logistic_k5__linear_svm,validation,olive_oil_3class,l1_logistic_k5,linear_svm,accuracy,1.0,1.0,1.0,400
olive_oil_3class__l1_logistic_k5__random_forest,validation,olive_oil_3class,l1_logistic_k5,random_forest,macro_f1,1.0,1.0,1.0,400
olive_oil_3class__l1_logistic_k5__random_forest,validation,olive_oil_3class,l1_logistic_k5,random_forest,balanced_accuracy,1.0,1.0,1.0,400
olive_oil_3class__l1_logistic_k5__random_forest,validation,olive_oil_3class,l1_logistic_k5,random_forest,accuracy,1.0,1.0,1.0,400
olive_oil_3class__l1_logistic_k5__xgboost,validation,olive_oil_3class,l1_logistic_k5,xgboost,macro_f1,1.0,1.0,1.0,400
olive_oil_3class__l1_logistic_k5__xgboost,validation,olive_oil_3class,l1_logistic_k5,xgboost,balanced_accuracy,1.0,1.0,1.0,400
olive_oil_3class__l1_logistic_k5__xgboost,validation,olive_oil_3class,l1_logistic_k5,xgboost,accuracy,1.0,1.0,1.0,400
olive_oil_3class__random_forest_k5__logistic_regression,validation,olive_oil_3class,random_forest_k5,logistic_regression,macro_f1,0.9891561664757541,0.9659794290775207,1.0,400
olive_oil_3class__random_forest_k5__logistic_regression,validation,olive_oil_3class,random_forest_k5,logistic_regression,balanced_accuracy,0.9931972789115647,0.9791555851063829,1.0,400
olive_oil_3class__random_forest_k5__logistic_regression,validation,olive_oil_3class,random_forest_k5,logistic_regression,accuracy,0.9883720930232558,0.9651162790697675,1.0,400
olive_oil_3class__random_forest_k5__linear_svm,validation,olive_oil_3class,random_forest_k5,linear_svm,macro_f1,1.0,1.0,1.0,400
olive_oil_3class__random_forest_k5__linear_svm,validation,olive_oil_3class,random_forest_k5,linear_svm,balanced_accuracy,1.0,1.0,1.0,400
olive_oil_3class__random_forest_k5__linear_svm,validation,olive_oil_3class,random_forest_k5,linear_svm,accuracy,1.0,1.0,1.0,400
olive_oil_3class__random_forest_k5__random_forest,validation,olive_oil_3class,random_forest_k5,random_forest,macro_f1,0.9814953738434609,0.9367252691392988,1.0,400
olive_oil_3class__random_forest_k5__random_forest,validation,olive_oil_3class,random_forest_k5,random_forest,balanced_accuracy,0.9848484848484849,0.9523214285714287,1.0,400
olive_oil_3class__random_forest_k5__random_forest,validation,olive_oil_3class,random_forest_k5,random_forest,accuracy,0.9883720930232558,0.9651162790697675,1.0,400
olive_oil_3class__random_forest_k5__xgboost,validation,olive_oil_3class,random_forest_k5,xgboost,macro_f1,1.0,1.0,1.0,400
olive_oil_3class__random_forest_k5__xgboost,validation,olive_oil_3class,random_forest_k5,xgboost,balanced_accuracy,1.0,1.0,1.0,400
olive_oil_3class__random_forest_k5__xgboost,validation,olive_oil_3class,random_forest_k5,xgboost,accuracy,1.0,1.0,1.0,400
olive_oil_3class__linear_svm_k5__logistic_regression,validation,olive_oil_3class,linear_svm_k5,logistic_regression,macro_f1,0.9891561664757541,0.9657383816887654,1.0,400
olive_oil_3class__linear_svm_k5__logistic_regression,validation,olive_oil_3class,linear_svm_k5,logistic_regression,balanced_accuracy,0.9931972789115647,0.9777651515151516,1.0,400
olive_oil_3class__linear_svm_k5__logistic_regression,validation,olive_oil_3class,linear_svm_k5,logistic_regression,accuracy,0.9883720930232558,0.9651162790697675,1.0,400
olive_oil_3class__linear_svm_k5__linear_svm,validation,olive_oil_3class,linear_svm_k5,linear_svm,macro_f1,1.0,1.0,1.0,400
olive_oil_3class__linear_svm_k5__linear_svm,validation,olive_oil_3class,linear_svm_k5,linear_svm,balanced_accuracy,1.0,1.0,1.0,400
olive_oil_3class__linear_svm_k5__linear_svm,validation,olive_oil_3class,linear_svm_k5,linear_svm,accuracy,1.0,1.0,1.0,400
olive_oil_3class__linear_svm_k5__random_forest,validation,olive_oil_3class,linear_svm_k5,random_forest,macro_f1,0.9814953738434609,0.9403879310344826,1.0,400
olive_oil_3class__linear_svm_k5__random_forest,validation,olive_oil_3class,linear_svm_k5,random_forest,balanced_accuracy,0.9848484848484849,0.9444444444444445,1.0,400
olive_oil_3class__linear_svm_k5__random_forest,validation,olive_oil_3class,linear_svm_k5,random_forest,accuracy,0.9883720930232558,0.9651162790697675,1.0,400
olive_oil_3class__linear_svm_k5__xgboost,validation,olive_oil_3class,linear_svm_k5,xgboost,macro_f1,1.0,1.0,1.0,400
olive_oil_3class__linear_svm_k5__xgboost,validation,olive_oil_3class,linear_svm_k5,xgboost,balanced_accuracy,1.0,1.0,1.0,400
olive_oil_3class__linear_svm_k5__xgboost,validation,olive_oil_3class,linear_svm_k5,xgboost,accuracy,1.0,1.0,1.0,400
olive_oil_9class__all_features__logistic_regression,validation,olive_oil_9class,all_features,logistic_regression,macro_f1,0.8838418626268193,0.7892566869283286,0.9440242410095351,400
olive_oil_9class__all_features__logistic_regression,validation,olive_oil_9class,all_features,logistic_regression,balanced_accuracy,0.8994140069408887,0.8389257194813409,0.9482539682539682,400
olive_oil_9class__all_features__logistic_regression,validation,olive_oil_9class,all_features,logistic_regression,accuracy,0.9069767441860465,0.848546511627907,0.9651162790697675,400
olive_oil_9class__all_features__linear_svm,validation,olive_oil_9class,all_features,linear_svm,macro_f1,0.9433621353823861,0.8646283552438493,0.9913712941868793,400
olive_oil_9class__all_features__linear_svm,validation,olive_oil_9class,all_features,linear_svm,balanced_accuracy,0.9523240598509416,0.8993584656084656,0.9961717752234993,400
olive_oil_9class__all_features__linear_svm,validation,olive_oil_9class,all_features,linear_svm,accuracy,0.9534883720930233,0.9069767441860465,0.9883720930232558,400
olive_oil_9class__all_features__random_forest,validation,olive_oil_9class,all_features,random_forest,macro_f1,0.9133234231273446,0.817597096944923,0.9791073124406459,400
olive_oil_9class__all_features__random_forest,validation,olive_oil_9class,all_features,random_forest,balanced_accuracy,0.9122574955908289,0.8388425925925926,0.9778125000000001,400
olive_oil_9class__all_features__random_forest,validation,olive_oil_9class,all_features,random_forest,accuracy,0.9418604651162791,0.8953488372093024,0.9883720930232558,400
olive_oil_9class__all_features__xgboost,validation,olive_oil_9class,all_features,xgboost,macro_f1,0.9283681574703248,0.8419087455782102,1.0,400
olive_oil_9class__all_features__xgboost,validation,olive_oil_9class,all_features,xgboost,balanced_accuracy,0.9246031746031745,0.851736111111111,1.0,400
olive_oil_9class__all_features__xgboost,validation,olive_oil_9class,all_features,xgboost,accuracy,0.9534883720930233,0.9069767441860465,1.0,400
olive_oil_9class__variance_k5__logistic_regression,validation,olive_oil_9class,variance_k5,logistic_regression,macro_f1,0.8554829339143065,0.7649000275411566,0.9199875152081034,400
olive_oil_9class__variance_k5__logistic_regression,validation,olive_oil_9class,variance_k5,logistic_regression,balanced_accuracy,0.8701996927803379,0.8006136292900998,0.9353095515595515,400
olive_oil_9class__variance_k5__logistic_regression,validation,olive_oil_9class,variance_k5,logistic_regression,accuracy,0.872093023255814,0.7906976744186046,0.9305232558139532,400
olive_oil_9class__variance_k5__linear_svm,validation,olive_oil_9class,variance_k5,linear_svm,macro_f1,0.8446988196988197,0.743170299486089,0.9140814021470168,400
olive_oil_9class__variance_k5__linear_svm,validation,olive_oil_9class,variance_k5,linear_svm,balanced_accuracy,0.8562610229276896,0.7878643578643578,0.9222376543209877,400
olive_oil_9class__variance_k5__linear_svm,validation,olive_oil_9class,variance_k5,linear_svm,accuracy,0.8837209302325582,0.813953488372093,0.9418604651162791,400
olive_oil_9class__variance_k5__random_forest,validation,olive_oil_9class,variance_k5,random_forest,macro_f1,0.8864644932046892,0.7774024112310468,0.9467723924586671,400
olive_oil_9class__variance_k5__random_forest,validation,olive_oil_9class,variance_k5,random_forest,balanced_accuracy,0.8778659611992945,0.7914351851851852,0.9444444444444444,400
olive_oil_9class__variance_k5__random_forest,validation,olive_oil_9class,variance_k5,random_forest,accuracy,0.9186046511627907,0.8604651162790697,0.9651162790697675,400
olive_oil_9class__variance_k5__xgboost,validation,olive_oil_9class,variance_k5,xgboost,macro_f1,0.8946841688777174,0.7792708884128299,0.9598489383560558,400
olive_oil_9class__variance_k5__xgboost,validation,olive_oil_9class,variance_k5,xgboost,balanced_accuracy,0.8901547476816294,0.7887436655405405,0.9697390572390571,400
olive_oil_9class__variance_k5__xgboost,validation,olive_oil_9class,variance_k5,xgboost,accuracy,0.9186046511627907,0.8488372093023255,0.9651162790697675,400
olive_oil_9class__f_classif_k5__logistic_regression,validation,olive_oil_9class,f_classif_k5,logistic_regression,macro_f1,0.8278556193856742,0.7147502567194349,0.904848538067716,400
olive_oil_9class__f_classif_k5__logistic_regression,validation,olive_oil_9class,f_classif_k5,logistic_regression,balanced_accuracy,0.8442993684929169,0.7552853641456582,0.9241114328614328,400
olive_oil_9class__f_classif_k5__logistic_regression,validation,olive_oil_9class,f_classif_k5,logistic_regression,accuracy,0.872093023255814,0.8023255813953488,0.9418604651162791,400
olive_oil_9class__f_classif_k5__linear_svm,validation,olive_oil_9class,f_classif_k5,linear_svm,macro_f1,0.8683313781352997,0.7782384623174096,0.9362243442831677,400
olive_oil_9class__f_classif_k5__linear_svm,validation,olive_oil_9class,f_classif_k5,linear_svm,balanced_accuracy,0.8781305114638448,0.8046285921776117,0.944756794131794,400
olive_oil_9class__f_classif_k5__linear_svm,validation,olive_oil_9class,f_classif_k5,linear_svm,accuracy,0.8953488372093024,0.8255813953488372,0.9534883720930233,400
olive_oil_9class__f_classif_k5__random_forest,validation,olive_oil_9class,f_classif_k5,random_forest,macro_f1,0.9190917107583775,0.8140897596412303,0.9840489969135803,400
olive_oil_9class__f_classif_k5__random_forest,validation,olive_oil_9class,f_classif_k5,random_forest,balanced_accuracy,0.9096119929453264,0.8271548821548822,0.982936507936508,400
olive_oil_9class__f_classif_k5__random_forest,validation,olive_oil_9class,f_classif_k5,random_forest,accuracy,0.9418604651162791,0.8837209302325582,0.9883720930232558,400
olive_oil_9class__f_classif_k5__xgboost,validation,olive_oil_9class,f_classif_k5,xgboost,macro_f1,0.8818204816838696,0.7568783831331835,0.9577876420360079,400
olive_oil_9class__f_classif_k5__xgboost,validation,olive_oil_9class,f_classif_k5,xgboost,balanced_accuracy,0.8844228252830404,0.8053300865800866,0.968192887645932,400
olive_oil_9class__f_classif_k5__xgboost,validation,olive_oil_9class,f_classif_k5,xgboost,accuracy,0.9186046511627907,0.8488372093023255,0.9767441860465116,400
olive_oil_9class__mutual_info_k5__logistic_regression,validation,olive_oil_9class,mutual_info_k5,logistic_regression,macro_f1,0.8278556193856742,0.7123932141610269,0.8989378708949958,400
olive_oil_9class__mutual_info_k5__logistic_regression,validation,olive_oil_9class,mutual_info_k5,logistic_regression,balanced_accuracy,0.8442993684929169,0.7477549762329174,0.9182605820105819,400
olive_oil_9class__mutual_info_k5__logistic_regression,validation,olive_oil_9class,mutual_info_k5,logistic_regression,accuracy,0.872093023255814,0.790406976744186,0.9302325581395349,400
olive_oil_9class__mutual_info_k5__linear_svm,validation,olive_oil_9class,mutual_info_k5,linear_svm,macro_f1,0.8683313781352997,0.7713149354429321,0.9365534370313783,400
olive_oil_9class__mutual_info_k5__linear_svm,validation,olive_oil_9class,mutual_info_k5,linear_svm,balanced_accuracy,0.8781305114638448,0.7953042328042328,0.9444563152896486,400
olive_oil_9class__mutual_info_k5__linear_svm,validation,olive_oil_9class,mutual_info_k5,linear_svm,accuracy,0.8953488372093024,0.8255813953488372,0.9651162790697675,400
olive_oil_9class__mutual_info_k5__random_forest,validation,olive_oil_9class,mutual_info_k5,random_forest,macro_f1,0.8982349553232406,0.8003324358819714,0.9648656427492288,400
olive_oil_9class__mutual_info_k5__random_forest,validation,olive_oil_9class,mutual_info_k5,random_forest,balanced_accuracy,0.8901547476816294,0.8068650793650795,0.9676911976911977,400
olive_oil_9class__mutual_info_k5__random_forest,validation,olive_oil_9class,mutual_info_k5,random_forest,accuracy,0.9186046511627907,0.8604651162790697,0.9651162790697675,400
olive_oil_9class__mutual_info_k5__xgboost,validation,olive_oil_9class,mutual_info_k5,xgboost,macro_f1,0.8818204816838696,0.756590413943355,0.9530842587364327,400
olive_oil_9class__mutual_info_k5__xgboost,validation,olive_oil_9class,mutual_info_k5,xgboost,balanced_accuracy,0.8844228252830404,0.7979912669966434,0.958597160218254,400
olive_oil_9class__mutual_info_k5__xgboost,validation,olive_oil_9class,mutual_info_k5,xgboost,accuracy,0.9186046511627907,0.8488372093023255,0.9651162790697675,400
olive_oil_9class__mutual_correlation_k5__logistic_regression,validation,olive_oil_9class,mutual_correlation_k5,logistic_regression,macro_f1,0.8048649550197537,0.6887217997613536,0.8883290895756741,400
olive_oil_9class__mutual_correlation_k5__logistic_regression,validation,olive_oil_9class,mutual_correlation_k5,logistic_regression,balanced_accuracy,0.809410024463788,0.7250750981396143,0.9023935592483979,400
olive_oil_9class__mutual_correlation_k5__logistic_regression,validation,olive_oil_9class,mutual_correlation_k5,logistic_regression,accuracy,0.8488372093023255,0.7674418604651163,0.9186046511627907,400
olive_oil_9class__mutual_correlation_k5__linear_svm,validation,olive_oil_9class,mutual_correlation_k5,linear_svm,macro_f1,0.861828654088716,0.7751709226572299,0.9313684070119275,400
olive_oil_9class__mutual_correlation_k5__linear_svm,validation,olive_oil_9class,mutual_correlation_k5,linear_svm,balanced_accuracy,0.872372987426751,0.7916374559082893,0.9448136123136123,400
olive_oil_9class__mutual_correlation_k5__linear_svm,validation,olive_oil_9class,mutual_correlation_k5,linear_svm,accuracy,0.8837209302325582,0.813953488372093,0.9418604651162791,400
olive_oil_9class__mutual_correlation_k5__random_forest,validation,olive_oil_9class,mutual_correlation_k5,random_forest,macro_f1,0.9046152957067538,0.7895902819636997,0.9703873434789363,400
olive_oil_9class__mutual_correlation_k5__random_forest,validation,olive_oil_9class,mutual_correlation_k5,random_forest,balanced_accuracy,0.9086732662001479,0.8162334656084655,0.9761989644342585,400
olive_oil_9class__mutual_correlation_k5__random_forest,validation,olive_oil_9class,mutual_correlation_k5,random_forest,accuracy,0.9302325581395349,0.872093023255814,0.9767441860465116,400
olive_oil_9class__mutual_correlation_k5__xgboost,validation,olive_oil_9class,mutual_correlation_k5,xgboost,macro_f1,0.9078991995658663,0.8022214202073075,0.9737988250855898,400
olive_oil_9class__mutual_correlation_k5__xgboost,validation,olive_oil_9class,mutual_correlation_k5,xgboost,balanced_accuracy,0.9003527336860669,0.8240530303030302,0.9714015151515151,400
olive_oil_9class__mutual_correlation_k5__xgboost,validation,olive_oil_9class,mutual_correlation_k5,xgboost,accuracy,0.9418604651162791,0.8953488372093024,0.9767441860465116,400
olive_oil_9class__feature_similarity_k5__logistic_regression,validation,olive_oil_9class,feature_similarity_k5,logistic_regression,macro_f1,0.8283527983142255,0.7210197460718293,0.9049606806688575,400
olive_oil_9class__feature_similarity_k5__logistic_regression,validation,olive_oil_9class,feature_similarity_k5,logistic_regression,balanced_accuracy,0.8407720316322467,0.7603078403078404,0.9182694003527336,400
olive_oil_9class__feature_similarity_k5__logistic_regression,validation,olive_oil_9class,feature_similarity_k5,logistic_regression,accuracy,0.872093023255814,0.7906976744186046,0.9418604651162791,400
olive_oil_9class__feature_similarity_k5__linear_svm,validation,olive_oil_9class,feature_similarity_k5,linear_svm,macro_f1,0.826278659611993,0.7138906766463259,0.9081157048979699,400
olive_oil_9class__feature_similarity_k5__linear_svm,validation,olive_oil_9class,feature_similarity_k5,linear_svm,balanced_accuracy,0.8196649029982362,0.7092550505050506,0.9151626845376846,400
olive_oil_9class__feature_similarity_k5__linear_svm,validation,olive_oil_9class,feature_similarity_k5,linear_svm,accuracy,0.872093023255814,0.8023255813953488,0.9418604651162791,400
olive_oil_9class__feature_similarity_k5__random_forest,validation,olive_oil_9class,feature_similarity_k5,random_forest,macro_f1,0.82880291005291,0.704131448897578,0.926628196565375,400
olive_oil_9class__feature_similarity_k5__random_forest,validation,olive_oil_9class,feature_similarity_k5,random_forest,balanced_accuracy,0.8227513227513227,0.7301146384479718,0.9194874338624339,400
olive_oil_9class__feature_similarity_k5__random_forest,validation,olive_oil_9class,feature_similarity_k5,random_forest,accuracy,0.8953488372093024,0.8255813953488372,0.9534883720930233,400
olive_oil_9class__feature_similarity_k5__xgboost,validation,olive_oil_9class,feature_similarity_k5,xgboost,macro_f1,0.862794721618251,0.748870665529396,0.9520151056949337,400
olive_oil_9class__feature_similarity_k5__xgboost,validation,olive_oil_9class,feature_similarity_k5,xgboost,balanced_accuracy,0.847442680776014,0.7457473544973544,0.9461078042328042,400
olive_oil_9class__feature_similarity_k5__xgboost,validation,olive_oil_9class,feature_similarity_k5,xgboost,accuracy,0.9069767441860465,0.8372093023255814,0.9651162790697675,400
olive_oil_9class__mrmr_approx_k5__logistic_regression,validation,olive_oil_9class,mrmr_approx_k5,logistic_regression,macro_f1,0.7912954771237773,0.6692600845051825,0.8710669477754003,400
olive_oil_9class__mrmr_approx_k5__logistic_regression,validation,olive_oil_9class,mrmr_approx_k5,logistic_regression,balanced_accuracy,0.8049695624964444,0.6972525234622009,0.8861189967439967,400
olive_oil_9class__mrmr_approx_k5__logistic_regression,validation,olive_oil_9class,mrmr_approx_k5,logistic_regression,accuracy,0.8488372093023255,0.7790697674418605,0.9186046511627907,400
olive_oil_9class__mrmr_approx_k5__linear_svm,validation,olive_oil_9class,mrmr_approx_k5,linear_svm,macro_f1,0.8159902268185272,0.7091059862112655,0.8995445523344074,400
olive_oil_9class__mrmr_approx_k5__linear_svm,validation,olive_oil_9class,mrmr_approx_k5,linear_svm,balanced_accuracy,0.8296609205211356,0.7401749691990921,0.9238171088171089,400
olive_oil_9class__mrmr_approx_k5__linear_svm,validation,olive_oil_9class,mrmr_approx_k5,linear_svm,accuracy,0.872093023255814,0.8023255813953488,0.9418604651162791,400
olive_oil_9class__mrmr_approx_k5__random_forest,validation,olive_oil_9class,mrmr_approx_k5,random_forest,macro_f1,0.904359837693171,0.7987962962962962,0.9697732335890229,400
olive_oil_9class__mrmr_approx_k5__random_forest,validation,olive_oil_9class,mrmr_approx_k5,random_forest,balanced_accuracy,0.9069664902998237,0.8262409812409812,0.9777777777777779,400
olive_oil_9class__mrmr_approx_k5__random_forest,validation,olive_oil_9class,mrmr_approx_k5,random_forest,accuracy,0.9418604651162791,0.8953488372093024,0.9767441860465116,400
olive_oil_9class__mrmr_approx_k5__xgboost,validation,olive_oil_9class,mrmr_approx_k5,xgboost,macro_f1,0.9187898521231853,0.8229042408209074,0.9813633410124638,400
olive_oil_9class__mrmr_approx_k5__xgboost,validation,olive_oil_9class,mrmr_approx_k5,xgboost,balanced_accuracy,0.916225749559083,0.8491378066378066,0.9861111111111112,400
olive_oil_9class__mrmr_approx_k5__xgboost,validation,olive_oil_9class,mrmr_approx_k5,xgboost,accuracy,0.9534883720930233,0.9069767441860465,0.9883720930232558,400
olive_oil_9class__rrfs_k5__logistic_regression,validation,olive_oil_9class,rrfs_k5,logistic_regression,macro_f1,0.8473728305695519,0.7288288213268447,0.9197069343571037,400
olive_oil_9class__rrfs_k5__logistic_regression,validation,olive_oil_9class,rrfs_k5,logistic_regression,balanced_accuracy,0.8531177106445924,0.7577969078121517,0.9333573833573832,400
olive_oil_9class__rrfs_k5__logistic_regression,validation,olive_oil_9class,rrfs_k5,logistic_regression,accuracy,0.8837209302325582,0.8023255813953488,0.9418604651162791,400
olive_oil_9class__rrfs_k5__linear_svm,validation,olive_oil_9class,rrfs_k5,linear_svm,macro_f1,0.8791527790161671,0.7865147198480531,0.9482843457580622,400
olive_oil_9class__rrfs_k5__linear_svm,validation,olive_oil_9class,rrfs_k5,linear_svm,balanced_accuracy,0.8870683279285428,0.8113215488215489,0.9629713804713804,400
olive_oil_9class__rrfs_k5__linear_svm,validation,olive_oil_9class,rrfs_k5,linear_svm,accuracy,0.9069767441860465,0.8372093023255814,0.9651162790697675,400
olive_oil_9class__rrfs_k5__random_forest,validation,olive_oil_9class,rrfs_k5,random_forest,macro_f1,0.882739023830482,0.7690938583328518,0.9555741045446927,400
olive_oil_9class__rrfs_k5__random_forest,validation,olive_oil_9class,rrfs_k5,random_forest,balanced_accuracy,0.8901547476816294,0.7943745048524462,0.9648392857142857,400
olive_oil_9class__rrfs_k5__random_forest,validation,olive_oil_9class,rrfs_k5,random_forest,accuracy,0.9186046511627907,0.8604651162790697,0.9654069767441859,400
olive_oil_9class__rrfs_k5__xgboost,validation,olive_oil_9class,rrfs_k5,xgboost,macro_f1,0.9283681574703248,0.8325097529164026,0.9840726868590646,400
olive_oil_9class__rrfs_k5__xgboost,validation,olive_oil_9class,rrfs_k5,xgboost,balanced_accuracy,0.9246031746031745,0.8497376543209877,0.9841765873015873,400
olive_oil_9class__rrfs_k5__xgboost,validation,olive_oil_9class,rrfs_k5,xgboost,accuracy,0.9534883720930233,0.9069767441860465,0.9883720930232558,400
olive_oil_9class__boruta_confirmed_8__logistic_regression,validation,olive_oil_9class,boruta_confirmed_8,logistic_regression,macro_f1,0.8838418626268193,0.7729290782172217,0.9536966065887635,400
olive_oil_9class__boruta_confirmed_8__logistic_regression,validation,olive_oil_9class,boruta_confirmed_8,logistic_regression,balanced_accuracy,0.8994140069408887,0.8332467144563919,0.9602480158730157,400
olive_oil_9class__boruta_confirmed_8__logistic_regression,validation,olive_oil_9class,boruta_confirmed_8,logistic_regression,accuracy,0.9069767441860465,0.8372093023255814,0.9651162790697675,400
olive_oil_9class__boruta_confirmed_8__linear_svm,validation,olive_oil_9class,boruta_confirmed_8,linear_svm,macro_f1,0.9433621353823861,0.8716896714826282,1.0,400
olive_oil_9class__boruta_confirmed_8__linear_svm,validation,olive_oil_9class,boruta_confirmed_8,linear_svm,balanced_accuracy,0.9523240598509416,0.8932504306632214,1.0,400
olive_oil_9class__boruta_confirmed_8__linear_svm,validation,olive_oil_9class,boruta_confirmed_8,linear_svm,accuracy,0.9534883720930233,0.9069767441860465,1.0,400
olive_oil_9class__boruta_confirmed_8__random_forest,validation,olive_oil_9class,boruta_confirmed_8,random_forest,macro_f1,0.9133234231273446,0.818010367446642,0.9746978626999266,400
olive_oil_9class__boruta_confirmed_8__random_forest,validation,olive_oil_9class,boruta_confirmed_8,random_forest,balanced_accuracy,0.9122574955908289,0.8300694444444445,0.9777777777777779,400
olive_oil_9class__boruta_confirmed_8__random_forest,validation,olive_oil_9class,boruta_confirmed_8,random_forest,accuracy,0.9418604651162791,0.8953488372093024,0.9883720930232558,400
olive_oil_9class__boruta_confirmed_8__xgboost,validation,olive_oil_9class,boruta_confirmed_8,xgboost,macro_f1,0.9283681574703248,0.8411709367194627,0.9846468346468347,400
olive_oil_9class__boruta_confirmed_8__xgboost,validation,olive_oil_9class,boruta_confirmed_8,xgboost,balanced_accuracy,0.9246031746031745,0.8472222222222222,0.981547619047619,400
olive_oil_9class__boruta_confirmed_8__xgboost,validation,olive_oil_9class,boruta_confirmed_8,xgboost,accuracy,0.9534883720930233,0.9069767441860465,0.9883720930232558,400
olive_oil_9class__rfe_k5__logistic_regression,validation,olive_oil_9class,rfe_k5,logistic_regression,macro_f1,0.8283527983142255,0.7213743645606391,0.9072564205994288,400
olive_oil_9class__rfe_k5__logistic_regression,validation,olive_oil_9class,rfe_k5,logistic_regression,balanced_accuracy,0.8407720316322467,0.7498747532799256,0.9239758783462301,400
olive_oil_9class__rfe_k5__logistic_regression,validation,olive_oil_9class,rfe_k5,logistic_regression,accuracy,0.872093023255814,0.8023255813953488,0.9418604651162791,400
olive_oil_9class__rfe_k5__linear_svm,validation,olive_oil_9class,rfe_k5,linear_svm,macro_f1,0.826278659611993,0.7248196760096915,0.9081404394580495,400
olive_oil_9class__rfe_k5__linear_svm,validation,olive_oil_9class,rfe_k5,linear_svm,balanced_accuracy,0.8196649029982362,0.717582671957672,0.9074537037037036,400
olive_oil_9class__rfe_k5__linear_svm,validation,olive_oil_9class,rfe_k5,linear_svm,accuracy,0.872093023255814,0.8020348837209302,0.9418604651162791,400
olive_oil_9class__rfe_k5__random_forest,validation,olive_oil_9class,rfe_k5,random_forest,macro_f1,0.82880291005291,0.7080023643258938,0.9074087640754307,400
olive_oil_9class__rfe_k5__random_forest,validation,olive_oil_9class,rfe_k5,random_forest,balanced_accuracy,0.8227513227513227,0.7311904761904763,0.9086419753086419,400
olive_oil_9class__rfe_k5__random_forest,validation,olive_oil_9class,rfe_k5,random_forest,accuracy,0.8953488372093024,0.8255813953488372,0.9421511627906974,400
olive_oil_9class__rfe_k5__xgboost,validation,olive_oil_9class,rfe_k5,xgboost,macro_f1,0.862794721618251,0.7580158549602993,0.9283883760748669,400
olive_oil_9class__rfe_k5__xgboost,validation,olive_oil_9class,rfe_k5,xgboost,balanced_accuracy,0.847442680776014,0.752986111111111,0.9352358906525572,400
olive_oil_9class__rfe_k5__xgboost,validation,olive_oil_9class,rfe_k5,xgboost,accuracy,0.9069767441860465,0.8372093023255814,0.9534883720930233,400
olive_oil_9class__l1_logistic_k5__logistic_regression,validation,olive_oil_9class,l1_logistic_k5,logistic_regression,macro_f1,0.8722525804493019,0.7855612121097529,0.9311846051551934,400
olive_oil_9class__l1_logistic_k5__logistic_regression,validation,olive_oil_9class,l1_logistic_k5,logistic_regression,balanced_accuracy,0.8844228252830404,0.8063492063492064,0.9401316550925927,400
olive_oil_9class__l1_logistic_k5__logistic_regression,validation,olive_oil_9class,l1_logistic_k5,logistic_regression,accuracy,0.8953488372093024,0.813953488372093,0.9534883720930233,400
olive_oil_9class__l1_logistic_k5__linear_svm,validation,olive_oil_9class,l1_logistic_k5,linear_svm,macro_f1,0.8565593230893778,0.7741143936291622,0.9206261829603778,400
olive_oil_9class__l1_logistic_k5__linear_svm,validation,olive_oil_9class,l1_logistic_k5,linear_svm,balanced_accuracy,0.8720771462706947,0.8104595288970289,0.9334116809116808,400
olive_oil_9class__l1_logistic_k5__linear_svm,validation,olive_oil_9class,l1_logistic_k5,linear_svm,accuracy,0.8837209302325582,0.813953488372093,0.9418604651162791,400
olive_oil_9class__l1_logistic_k5__random_forest,validation,olive_oil_9class,l1_logistic_k5,random_forest,macro_f1,0.8973401634316216,0.7916239438746521,0.9607284682382875,400
olive_oil_9class__l1_logistic_k5__random_forest,validation,olive_oil_9class,l1_logistic_k5,random_forest,balanced_accuracy,0.9033822609091425,0.8158343059446002,0.9687905092592592,400
olive_oil_9class__l1_logistic_k5__random_forest,validation,olive_oil_9class,l1_logistic_k5,random_forest,accuracy,0.9302325581395349,0.8604651162790697,0.9767441860465116,400
olive_oil_9class__l1_logistic_k5__xgboost,validation,olive_oil_9class,l1_logistic_k5,xgboost,macro_f1,0.9552399634366847,0.8559430937638584,1.0,400
olive_oil_9class__l1_logistic_k5__xgboost,validation,olive_oil_9class,l1_logistic_k5,xgboost,balanced_accuracy,0.9527649769585254,0.8701824618736383,1.0,400
olive_oil_9class__l1_logistic_k5__xgboost,validation,olive_oil_9class,l1_logistic_k5,xgboost,accuracy,0.9651162790697675,0.9302325581395349,1.0,400
olive_oil_9class__random_forest_k5__logistic_regression,validation,olive_oil_9class,random_forest_k5,logistic_regression,macro_f1,0.8473728305695519,0.7312191472186198,0.9214558760117811,400
olive_oil_9class__random_forest_k5__logistic_regression,validation,olive_oil_9class,random_forest_k5,logistic_regression,balanced_accuracy,0.8531177106445924,0.762469531191942,0.9284763558201058,400
olive_oil_9class__random_forest_k5__logistic_regression,validation,olive_oil_9class,random_forest_k5,logistic_regression,accuracy,0.8837209302325582,0.813953488372093,0.9421511627906974,400
olive_oil_9class__random_forest_k5__linear_svm,validation,olive_oil_9class,random_forest_k5,linear_svm,macro_f1,0.8791527790161671,0.7796063137931359,0.9485978835978834,400
olive_oil_9class__random_forest_k5__linear_svm,validation,olive_oil_9class,random_forest_k5,linear_svm,balanced_accuracy,0.8870683279285428,0.8117283950617284,0.9562305103235419,400
olive_oil_9class__random_forest_k5__linear_svm,validation,olive_oil_9class,random_forest_k5,linear_svm,accuracy,0.9069767441860465,0.8372093023255814,0.9651162790697675,400
olive_oil_9class__random_forest_k5__random_forest,validation,olive_oil_9class,random_forest_k5,random_forest,macro_f1,0.9116349699683032,0.805322039072039,0.9829629629629629,400
olive_oil_9class__random_forest_k5__random_forest,validation,olive_oil_9class,random_forest_k5,random_forest,balanced_accuracy,0.9122574955908289,0.8361078042328043,0.9841765873015873,400
olive_oil_9class__random_forest_k5__random_forest,validation,olive_oil_9class,random_forest_k5,random_forest,accuracy,0.9418604651162791,0.8837209302325582,0.9883720930232558,400
olive_oil_9class__random_forest_k5__xgboost,validation,olive_oil_9class,random_forest_k5,xgboost,macro_f1,0.9283681574703248,0.8424844874092677,0.9879256965944271,400
olive_oil_9class__random_forest_k5__xgboost,validation,olive_oil_9class,random_forest_k5,xgboost,balanced_accuracy,0.9246031746031745,0.8539484126984127,0.9891666666666664,400
olive_oil_9class__random_forest_k5__xgboost,validation,olive_oil_9class,random_forest_k5,xgboost,accuracy,0.9534883720930233,0.9069767441860465,0.9886627906976742,400
olive_oil_9class__linear_svm_k5__logistic_regression,validation,olive_oil_9class,linear_svm_k5,logistic_regression,macro_f1,0.8783068783068784,0.7906975509058841,0.936526951058201,400
olive_oil_9class__linear_svm_k5__logistic_regression,validation,olive_oil_9class,linear_svm_k5,logistic_regression,balanced_accuracy,0.899357114410878,0.8400679810557684,0.9468409429544486,400
olive_oil_9class__linear_svm_k5__logistic_regression,validation,olive_oil_9class,linear_svm_k5,logistic_regression,accuracy,0.8953488372093024,0.8255813953488372,0.9418604651162791,400
olive_oil_9class__linear_svm_k5__linear_svm,validation,olive_oil_9class,linear_svm_k5,linear_svm,macro_f1,0.8724004173618446,0.7781003645477329,0.9414285037686572,400
olive_oil_9class__linear_svm_k5__linear_svm,validation,olive_oil_9class,linear_svm_k5,linear_svm,balanced_accuracy,0.8844228252830404,0.8126820776605259,0.9440052552552554,400
olive_oil_9class__linear_svm_k5__linear_svm,validation,olive_oil_9class,linear_svm_k5,linear_svm,accuracy,0.8953488372093024,0.8255813953488372,0.9534883720930233,400
olive_oil_9class__linear_svm_k5__random_forest,validation,olive_oil_9class,linear_svm_k5,random_forest,macro_f1,0.8837095770207726,0.7792045941590068,0.9604960317460317,400
olive_oil_9class__linear_svm_k5__random_forest,validation,olive_oil_9class,linear_svm_k5,random_forest,balanced_accuracy,0.881336405529954,0.7847457970643456,0.9703000992063493,400
olive_oil_9class__linear_svm_k5__random_forest,validation,olive_oil_9class,linear_svm_k5,random_forest,accuracy,0.9069767441860465,0.8488372093023255,0.9767441860465116,400
olive_oil_9class__linear_svm_k5__xgboost,validation,olive_oil_9class,linear_svm_k5,xgboost,macro_f1,0.9117701778616359,0.815262548856418,0.9828302067883217,400
olive_oil_9class__linear_svm_k5__xgboost,validation,olive_oil_9class,linear_svm_k5,xgboost,balanced_accuracy,0.9126415201684019,0.8383733164983166,0.9861111111111112,400
olive_oil_9class__linear_svm_k5__xgboost,validation,olive_oil_9class,linear_svm_k5,xgboost,accuracy,0.9418604651162791,0.8837209302325582,0.9883720930232558,400
